# Machine-readable city indices for TwoWords API
# Format: CITY_NAME:LAT_INDEX1,LAT_INDEX2|LON_INDEX1,LON_INDEX2
Aberdeen:81207,81211,81224,81225,81245,81274,81310,81325,81340,81352,81364,81369,81387,81397,81407,81410,81426,81446,81451,81458,81470,81497,81509,81523,81547,81555,81560,81562,81567,81581,81583,81596,81605,81611,81640,81641,81663,81670,81683,81719,81722,81748,81769,81782,81786|58522,58530,58554,58557,58594,58647,58713,58730,58737,58744,58758,58779,58789,58806,58838,58840,58874,58876,58878,58904,58917,58956,58962,58964,58980,59009,59056,59071,59104,59149,59151,59191,59192,59196,59209,59237,59239,59275,59307,59324,59328,59334,59355,59369,59376,59400,59466,59519,59559,59583,59591
Armagh:53203,53207,53220,53241,53270,53306,53321,53336,53338,53348,53365,53393,53406,53420,53422,53442,53454,53456,53466,53492,53503,53505,53506,53519,53536,53543,53547,53556,53563,53579,53583,53592,53601,53636,53637,53640,53652,53659,53661,53666,53670,53679,53715,53744,53765,53778,53782|12968,12976,12998,13035,13085,13146,13168,13175,13177,13186,13188,13207,13217,13232,13263,13295,13297,13324,13336,13378,13379,13403,13421,13447,13459,13465,13510,13552,13553,13557,13589,13595,13607,13625,13634,13636,13655,13668,13695,13699,13714,13724,13743,13756,13763,13777,13785,13846,13879,13896,13933,13955,13963
Bangor (Northern Ireland):56251,56255,56268,56279,56289,56318,56354,56367,56369,56384,56396,56413,56420,56441,56454,56456,56464,56470,56490,56502,56514,56540,56553,56563,56567,56591,56602,56604,56611,56627,56640,56649,56684,56685,56687,56707,56714,56727,56740,56752,56754,56763,56792,56794,56813,56826,56830|22803,22811,22817,22834,22871,22872,22921,22982,23005,23011,23025,23029,23044,23054,23069,23097,23100,23133,23135,23162,23174,23198,23216,23217,23260,23272,23300,23304,23349,23392,23393,23435,23447,23467,23474,23476,23509,23526,23540,23555,23565,23577,23584,23598,23604,23627,23659,23688,23738,23766,23775,23798,23806
Bangor (Wales):41990,41994,42007,42008,42028,42057,42093,42108,42114,42123,42135,42152,42180,42181,42188,42193,42207,42209,42229,42241,42253,42268,42280,42292,42306,42315,42318,42330,42343,42350,42366,42369,42379,42381,42388,42423,42424,42446,42453,42466,42470,42502,42531,42552,42565,42569|38228,38236,38258,38293,38306,38322,38342,38372,38401,38423,38429,38442,38461,38470,38485,38498,38499,38515,38536,38547,38549,38555,38572,38574,38586,38627,38628,38669,38712,38756,38757,38776,38797,38798,38839,38851,38876,38878,38910,38940,38946,38955,38961,38964,38983,38996,39002,39024,39083,39132,39167,39189,39197
Bath:23468,23472,23485,23506,23535,23571,23577,23586,23594,23601,23613,23630,23658,23659,23671,23682,23687,23707,23719,23731,23737,23738,23749,23757,23770,23784,23808,23821,23828,23844,23857,23866,23874,23899,23901,23902,23920,23924,23931,23944,23969,23980,23998,24009,24030,24043,24047|55936,55943,55964,55998,56033,56045,56102,56123,56129,56141,56159,56168,56183,56188,56211,56242,56244,56266,56268,56280,56285,56318,56319,56320,56322,56359,56401,56402,56442,56459,56468,56481,56482,56483,56521,56533,56557,56559,56590,56618,56633,56642,56655,56660,56672,56678,56683,56699,56731,56744,56756,56803,56837,56858,56865
Belfast:55683,55687,55700,55721,55750,55786,55788,55798,55801,55816,55828,55840,55845,55873,55885,55886,55892,55902,55906,55918,55922,55934,55946,55950,55951,55953,55972,55985,55999,56017,56023,56036,56043,56059,56062,56072,56081,56116,56117,56139,56146,56159,56195,56224,56245,56258,56262|20198,20206,20228,20246,20265,20315,20377,20399,20406,20419,20439,20448,20464,20494,20527,20529,20556,20568,20610,20612,20624,20636,20654,20698,20702,20724,20727,20743,20785,20786,20787,20789,20829,20841,20851,20868,20870,20903,20933,20949,20958,20978,20991,20998,21020,21082,21132,21152,21158,21169,21191,21199
Birmingham:34572,34576,34589,34610,34639,34659,34675,34690,34705,34717,34734,34749,34762,34775,34791,34811,34822,34823,34828,34835,34861,34874,34888,34892,34912,34925,34927,34932,34939,34948,34961,34965,34970,35005,35006,35026,35028,35035,35043,35048,35083,35084,35099,35113,35134,35147,35151|60620,60627,60648,60661,60683,60714,60731,60790,60811,60817,60830,60848,60858,60872,60901,60933,60935,60948,60960,60972,61000,61011,61012,61013,61053,61096,61109,61138,61174,61178,61179,61180,61219,61231,61234,61240,61256,61258,61290,61319,61333,61343,61361,61362,61374,61380,61390,61401,61453,61460,61488,61508,61543,61564,61571
Blackpool:47885,47889,47902,47923,47946,47952,47988,48003,48011,48018,48030,48047,48075,48088,48090,48104,48124,48136,48148,48174,48175,48181,48187,48201,48203,48204,48225,48238,48245,48261,48262,48274,48283,48316,48318,48319,48324,48341,48348,48350,48361,48371,48397,48426,48447,48460,48464|49152,49159,49176,49181,49212,49217,49266,49302,49327,49349,49355,49368,49387,49397,49412,49442,49475,49477,49502,49510,49515,49546,49556,49557,49599,49612,49642,49686,49728,49729,49745,49770,49783,49808,49810,49843,49872,49873,49888,49898,49917,49930,49936,49956,49958,49975,50006,50019,50049,50068,50104,50126,50133
Bradford:47670,47674,47687,47708,47722,47737,47773,47788,47803,47811,47813,47815,47827,47832,47860,47873,47877,47879,47889,47909,47921,47933,47959,47972,47986,48004,48010,48011,48023,48030,48034,48046,48059,48064,48068,48103,48104,48122,48126,48133,48146,48151,48182,48211,48232,48245,48249|61915,61922,61944,61981,61984,62011,62030,62090,62112,62118,62131,62151,62160,62175,62189,62205,62238,62240,62261,62265,62278,62304,62313,62319,62320,62362,62405,62418,62449,62491,62492,62533,62538,62546,62571,62573,62581,62589,62606,62636,62651,62660,62680,62688,62693,62699,62721,62781,62786,62830,62867,62889,62896
Brighton and Hove:17935,17939,17952,17961,17973,18000,18002,18025,18038,18053,18068,18071,18080,18090,18097,18125,18138,18154,18174,18186,18198,18214,18224,18237,18251,18265,18274,18275,18288,18295,18296,18311,18324,18333,18352,18368,18369,18389,18391,18398,18411,18447,18449,18476,18497,18510,18514|78169,78176,78196,78230,78276,78333,78341,78353,78359,78364,78371,78380,78389,78396,78398,78412,78440,78471,78472,78483,78497,78499,78508,78519,78546,78547,78548,78586,78600,78616,78628,78653,78669,78707,78708,78709,78711,78747,78758,78783,78784,78815,78843,78857,78866,78884,78896,78902,78922,78979,79025,79059,79079,79086
Bristol:24255,24259,24272,24293,24322,24358,24364,24373,24385,24388,24400,24417,24419,24424,24445,24458,24474,24483,24494,24497,24506,24518,24534,24545,24557,24563,24571,24578,24595,24608,24615,24631,24644,24653,24688,24689,24711,24718,24731,24767,24796,24806,24817,24828,24830,24834|53655,53662,53683,53713,53718,53764,53821,53822,53842,53848,53861,53879,53888,53902,53931,53961,53963,53988,53999,54029,54038,54040,54046,54079,54098,54101,54121,54162,54167,54177,54186,54201,54203,54209,54242,54253,54278,54280,54292,54310,54339,54353,54361,54362,54380,54393,54399,54419,54477,54523,54558,54579,54586
Cambridge:31763,31767,31771,31780,31801,31830,31866,31881,31896,31908,31925,31953,31966,31970,31982,31987,32002,32014,32026,32053,32065,32079,32103,32106,32116,32123,32139,32152,32155,32158,32161,32196,32197,32206,32219,32225,32226,32239,32247,32275,32303,32304,32325,32338,32342|80745,80752,80773,80808,80833,80855,80913,80918,80935,80941,80953,80972,80979,80981,80988,80996,81024,81056,81058,81082,81083,81087,81094,81116,81134,81135,81175,81181,81218,81253,81260,81300,81301,81341,81352,81377,81379,81394,81407,81411,81431,81439,81454,81463,81482,81494,81500,81522,81580,81627,81662,81683,81690
Canterbury:22512,22516,22529,22550,22579,22615,22630,22645,22657,22674,22702,22713,22715,22724,22727,22731,22741,22751,22753,22763,22775,22802,22814,22828,22851,22852,22865,22872,22873,22888,22901,22910,22945,22946,22968,22975,22988,22996,23024,23053,23061,23074,23087,23091|90325,90332,90353,90387,90434,90480,90491,90511,90517,90530,90548,90550,90557,90571,90591,90599,90603,90616,90630,90632,90656,90661,90668,90707,90708,90747,90789,90830,90846,90869,90870,90909,90921,90945,90947,90978,91006,91020,91029,91039,91047,91060,91066,91086,91143,91148,91190,91224,91245,91252
Cardiff:24526,24530,24543,24564,24578,24593,24629,24644,24652,24659,24671,24688,24712,24716,24729,24732,24745,24764,24765,24777,24789,24792,24814,24816,24828,24842,24866,24879,24886,24902,24915,24920,24924,24959,24960,24982,24989,24993,25002,25025,25038,25048,25067,25088,25101,25105|47743,47750,47771,47805,47823,47852,47909,47930,47931,47936,47949,47955,47967,47976,47990,48019,48033,48049,48051,48076,48087,48116,48120,48126,48128,48167,48209,48250,48289,48291,48314,48318,48330,48341,48364,48366,48368,48391,48395,48398,48427,48430,48441,48450,48468,48481,48487,48508,48565,48612,48646,48667,48674
Carlisle:58661,58665,58678,58699,58707,58728,58764,58779,58784,58794,58806,58815,58823,58851,58864,58880,58885,58900,58912,58924,58950,58963,58977,58979,58996,59001,59005,59014,59021,59037,59050,59059,59094,59095,59097,59098,59117,59124,59130,59137,59173,59202,59223,59236,59240|50054,50062,50085,50122,50147,50150,50172,50192,50203,50235,50252,50257,50264,50277,50297,50306,50322,50353,50386,50388,50415,50427,50469,50470,50471,50513,50558,50604,50622,50646,50647,50648,50667,50690,50702,50729,50731,50747,50764,50795,50811,50820,50838,50840,50853,50860,50882,50941,50945,50995,50997,51032,51055,51063
Chelmsford:27066,27070,27083,27104,27126,27133,27169,27184,27187,27199,27208,27211,27228,27248,27256,27266,27269,27285,27305,27314,27317,27329,27355,27368,27382,27394,27406,27416,27419,27426,27442,27455,27456,27464,27499,27500,27522,27529,27536,27542,27568,27578,27607,27628,27641,27645|84216,84224,84245,84269,84279,84326,84384,84404,84411,84423,84430,84441,84450,84465,84493,84524,84526,84551,84563,84586,84598,84602,84603,84643,84646,84685,84712,84726,84730,84766,84767,84806,84818,84830,84843,84845,84876,84900,84904,84918,84919,84928,84946,84958,84965,84985,84991,85043,85082,85090,85124,85145,85153
Chester:41616,41620,41633,41643,41654,41683,41719,41728,41734,41739,41749,41761,41778,41806,41819,41835,41855,41867,41872,41879,41906,41912,41913,41918,41932,41956,41961,41969,41976,41981,41992,42005,42014,42049,42050,42072,42079,42081,42092,42125,42128,42157,42174,42178,42191,42195|50609,50616,50638,50674,50691,50709,50722,50776,50782,50803,50810,50822,50840,50841,50851,50866,50895,50903,50927,50929,50953,50954,50967,51007,51008,51032,51049,51087,51093,51115,51136,51177,51178,51205,51218,51231,51256,51258,51285,51290,51319,51334,51344,51363,51375,51382,51392,51403,51463,51511,51547,51569,51576
Chichester:18075,18079,18092,18113,18125,18142,18178,18190,18193,18208,18209,18220,18237,18265,18278,18294,18296,18314,18316,18326,18338,18352,18365,18377,18391,18415,18428,18435,18440,18445,18451,18464,18465,18473,18508,18509,18531,18538,18551,18581,18587,18614,18616,18637,18650,18654|71749,71756,71776,71810,71856,71912,71933,71939,71951,71969,71971,71978,71992,72005,72020,72051,72052,72077,72088,72092,72126,72127,72128,72166,72208,72249,72287,72288,72289,72291,72314,72327,72338,72359,72363,72364,72389,72395,72423,72437,72439,72446,72454,72464,72468,72476,72482,72503,72559,72605,72617,72639,72659,72666
Coventry:33778,33782,33795,33816,33845,33857,33874,33881,33885,33896,33911,33923,33940,33956,33968,33981,33990,33997,34017,34029,34041,34060,34067,34077,34080,34094,34118,34127,34131,34137,34138,34154,34167,34176,34211,34212,34234,34241,34254,34258,34290,34295,34319,34340,34353,34357|64327,64335,64356,64391,64439,64482,64486,64497,64502,64518,64525,64537,64556,64561,64565,64574,64580,64609,64640,64641,64642,64650,64667,64670,64679,64718,64719,64720,64736,64760,64802,64845,64869,64885,64886,64887,64926,64938,64961,64963,64965,64996,65025,65040,65049,65068,65080,65087,65108,65166,65214,65243,65249,65270,65278
Derby:38935,38939,38952,38971,38973,38990,39002,39038,39046,39053,39068,39077,39080,39097,39110,39119,39125,39129,39138,39154,39174,39186,39198,39214,39224,39237,39251,39275,39288,39295,39311,39324,39333,39368,39369,39391,39398,39411,39416,39417,39426,39443,39447,39476,39497,39510,39514|64773,64780,64802,64837,64885,64944,64966,64972,64985,65004,65013,65023,65028,65055,65057,65089,65091,65097,65110,65116,65128,65162,65168,65169,65170,65211,65244,65254,65296,65337,65338,65339,65379,65391,65416,65418,65420,65444,65450,65479,65494,65500,65503,65522,65535,65541,65543,65563,65622,65670,65705,65714,65727,65734
Derry/Londonderry:59676,59680,59689,59693,59710,59714,59743,59779,59791,59794,59809,59821,59838,59866,59879,59886,59895,59900,59915,59927,59939,59966,59978,59992,60005,60010,60016,60029,60033,60036,60041,60052,60065,60074,60109,60110,60132,60138,60139,60152,60158,60188,60206,60217,60238,60251,60255|6408,6416,6439,6476,6503,6526,6579,6589,6611,6618,6631,6651,6661,6669,6676,6707,6737,6741,6743,6746,6769,6782,6802,6824,6826,6868,6884,6913,6959,6996,7001,7003,7018,7045,7058,7084,7086,7120,7124,7151,7166,7176,7196,7209,7214,7216,7238,7301,7351,7388,7411,7419
Doncaster:44938,44942,44955,44976,45005,45029,45041,45056,45071,45083,45100,45119,45123,45128,45141,45155,45157,45177,45189,45201,45212,45227,45234,45236,45240,45254,45278,45291,45298,45314,45327,45336,45348,45371,45372,45391,45394,45401,45414,45434,45450,45470,45472,45479,45500,45513,45517|68227,68234,68256,68292,68341,68387,68392,68401,68423,68429,68442,68461,68471,68486,68516,68548,68550,68575,68588,68628,68629,68630,68644,68651,68657,68671,68715,68734,68758,68776,68777,68799,68800,68801,68841,68854,68879,68881,68891,68913,68943,68958,68968,68987,69000,69006,69028,69061,69070,69088,69137,69173,69195,69202
Dundee:74330,74334,74347,74368,74397,74422,74433,74448,74463,74475,74492,74505,74520,74533,74549,74561,74563,74569,74581,74584,74593,74620,74632,74643,74645,74646,74658,74670,74680,74683,74690,74693,74706,74719,74721,74728,74763,74764,74786,74793,74806,74822,74842,74871,74892,74905,74909|49768,49776,49800,49838,49846,49891,49894,49923,49955,49979,49986,49999,50020,50026,50030,50038,50046,50078,50084,50113,50115,50143,50156,50200,50201,50246,50293,50339,50361,50384,50385,50429,50433,50442,50470,50472,50481,50507,50539,50555,50565,50586,50599,50606,50630,50641,50694,50747,50770,50785,50809,50817
Durham:57463,57467,57480,57495,57501,57523,57526,57530,57566,57581,57596,57608,57624,57625,57637,57653,57663,57666,57682,57686,57702,57714,57726,57736,57753,57765,57779,57803,57808,57816,57823,57839,57852,57861,57896,57897,57919,57926,57935,57939,57975,58004,58025,58038,58042|63648,63656,63678,63715,63766,63771,63793,63804,63827,63850,63857,63870,63889,63899,63915,63927,63928,63945,63975,63979,63981,64007,64020,64050,64062,64063,64106,64150,64195,64238,64239,64263,64281,64294,64298,64320,64322,64339,64344,64356,64386,64402,64412,64431,64444,64451,64474,64495,64535,64586,64623,64645,64653
Edinburgh:69243,69247,69260,69273,69281,69310,69346,69361,69376,69388,69405,69433,69446,69462,69464,69476,69482,69494,69506,69532,69534,69541,69545,69552,69556,69559,69576,69583,69596,69603,69619,69632,69641,69676,69677,69699,69706,69719,69755,69777,69784,69805,69811,69818,69822|47599,47607,47630,47668,47720,47784,47807,47814,47827,47834,47847,47849,47858,47874,47905,47936,47939,47942,47969,47982,47992,48025,48027,48033,48070,48116,48117,48150,48163,48184,48206,48208,48230,48251,48264,48266,48273,48291,48294,48328,48359,48375,48386,48406,48419,48426,48449,48513,48565,48603,48626,48628,48634
Elgin:86203,86207,86220,86241,86245,86270,86306,86321,86336,86340,86348,86365,86378,86393,86406,86414,86421,86422,86442,86454,86466,86477,86492,86505,86515,86519,86543,86556,86563,86579,86584,86592,86601,86636,86637,86642,86659,86666,86679,86715,86719,86725,86744,86765,86778,86782|46274,46282,46306,46346,46374,46401,46467,46491,46499,46513,46516,46534,46545,46561,46594,46630,46632,46661,46674,46720,46721,46729,46767,46800,46815,46822,46864,46910,46911,46917,46957,46970,46999,47001,47037,47059,47070,47086,47097,47118,47132,47140,47164,47186,47213,47230,47260,47285,47296,47325,47349,47357
Ely:33690,33694,33707,33728,33742,33757,33786,33793,33798,33808,33823,33835,33844,33852,33880,33891,33893,33909,33929,33941,33951,33952,33953,33980,33992,34006,34023,34026,34030,34043,34050,34064,34066,34079,34088,34112,34123,34124,34146,34153,34166,34202,34231,34252,34265,34269|82146,82154,82175,82210,82230,82258,82316,82337,82344,82356,82375,82384,82399,82428,82429,82459,82461,82480,82486,82490,82498,82537,82538,82539,82579,82622,82627,82664,82701,82704,82705,82706,82745,82757,82782,82784,82797,82815,82844,82859,82864,82868,82887,82899,82906,82927,82985,83005,83015,83026,83033,83061,83068,83089,83097
Exeter:16894,16898,16911,16921,16932,16961,16997,17002,17012,17027,17039,17056,17057,17073,17084,17097,17113,17133,17145,17148,17156,17157,17158,17184,17196,17210,17220,17234,17247,17254,17269,17270,17278,17283,17292,17327,17328,17350,17357,17370,17393,17406,17435,17456,17469,17473|44203,44210,44230,44264,44302,44310,44363,44366,44368,44387,44393,44405,44423,44432,44446,44452,44474,44504,44506,44530,44541,44544,44580,44581,44589,44620,44661,44671,44701,44708,44740,44741,44780,44791,44815,44817,44835,44847,44875,44889,44898,44916,44928,44934,44955,44998,45011,45044,45057,45091,45111,45118
Glasgow:68352,68356,68369,68390,68419,68424,68453,68455,68470,68485,68497,68514,68542,68555,68571,68580,68591,68603,68607,68615,68641,68654,68668,68679,68692,68698,68705,68712,68725,68728,68741,68744,68750,68758,68785,68786,68808,68815,68828,68864,68870,68886,68893,68914,68927,68931|36965,36973,36996,37026,37034,37086,37149,37172,37179,37193,37213,37223,37239,37260,37271,37281,37305,37307,37334,37338,37347,37390,37392,37401,37411,37435,37481,37484,37528,37539,37542,37571,37573,37616,37629,37656,37658,37692,37724,37740,37750,37770,37784,37791,37814,37846,37877,37929,37932,37967,37990,37998
Gloucester:28352,28356,28369,28390,28396,28419,28455,28470,28485,28497,28498,28514,28542,28543,28555,28571,28572,28591,28595,28603,28615,28637,28641,28654,28668,28692,28698,28705,28712,28720,28727,28728,28741,28750,28785,28786,28808,28815,28828,28832,28864,28893,28914,28916,28927,28931|57149,57156,57177,57185,57212,57259,57317,57338,57344,57356,57375,57384,57398,57418,57427,57458,57460,57485,57493,57496,57535,57536,57537,57577,57594,57607,57618,57657,57660,57671,57700,57701,57702,57721,57741,57752,57777,57779,57810,57839,57851,57853,57862,57881,57887,57893,57899,57920,57929,57961,57978,58025,58060,58081,58088
Hereford:30277,30281,30294,30315,30344,30380,30395,30410,30413,30421,30422,30439,30444,30467,30480,30487,30496,30516,30528,30540,30564,30566,30579,30593,30598,30600,30604,30617,30630,30637,30653,30655,30666,30675,30679,30707,30710,30711,30733,30740,30753,30789,30818,30839,30852,30856|52369,52376,52398,52432,52466,52479,52537,52558,52565,52577,52596,52597,52599,52605,52619,52648,52666,52679,52681,52697,52706,52718,52757,52759,52787,52798,52841,52883,52919,52922,52924,52963,52974,52975,53000,53001,53002,53003,53033,53062,53076,53085,53104,53116,53123,53144,53202,53232,53249,53283,53305,53312
Hull:47167,47171,47184,47185,47186,47205,47234,47270,47285,47300,47312,47328,47329,47357,47370,47386,47406,47418,47430,47452,47456,47462,47469,47483,47486,47507,47514,47520,47527,47543,47556,47560,47565,47600,47601,47623,47627,47630,47639,47643,47679,47684,47708,47729,47742,47746|76142,76150,76172,76178,76208,76211,76257,76290,76317,76339,76346,76359,76378,76387,76403,76432,76463,76465,76467,76493,76505,76546,76547,76589,76590,76610,76632,76676,76718,76719,76760,76766,76767,76772,76795,76798,76800,76802,76833,76862,76878,76887,76906,76919,76926,76948,76973,77008,77034,77057,77093,77115,77123
Inverness:84488,84492,84505,84526,84555,84591,84595,84601,84606,84609,84611,84613,84621,84633,84636,84650,84678,84691,84707,84727,84739,84751,84778,84790,84800,84804,84828,84841,84844,84848,84864,84871,84877,84880,84886,84921,84922,84933,84944,84951,84964,85000,85021,85029,85050,85063,85067|37213,37222,37246,37286,37339,37406,37423,37430,37437,37451,37472,37483,37491,37500,37518,37532,37542,37568,37570,37599,37612,37657,37659,37696,37701,37704,37752,37761,37801,37846,37848,37893,37906,37914,37935,37937,37973,38002,38005,38022,38029,38033,38047,38054,38068,38075,38099,38119,38166,38219,38259,38283,38292
Lancaster:50176,50180,50193,50196,50214,50232,50243,50260,50279,50294,50309,50318,50321,50338,50366,50379,50395,50415,50427,50439,50451,50465,50477,50478,50492,50504,50516,50529,50536,50552,50565,50574,50609,50610,50617,50631,50632,50639,50652,50669,50688,50717,50738,50746,50751,50755|51499,51506,51529,51565,51614,51657,51675,51697,51704,51717,51736,51746,51761,51791,51824,51826,51852,51864,51905,51907,51908,51948,51986,51993,52037,52069,52078,52080,52085,52121,52133,52159,52161,52170,52173,52194,52224,52239,52249,52259,52268,52281,52288,52310,52323,52371,52373,52395,52420,52456,52479,52486
Leeds:47718,47722,47735,47753,47756,47785,47819,47821,47836,47851,47856,47863,47880,47881,47908,47921,47933,47937,47957,47969,47981,48008,48020,48034,48058,48071,48078,48085,48094,48107,48116,48124,48142,48151,48152,48172,48174,48181,48194,48230,48259,48266,48270,48277,48280,48293,48297|64018,64025,64047,64083,64133,64193,64215,64219,64221,64234,64253,64263,64278,64308,64341,64343,64364,64368,64381,64422,64423,64465,64508,64515,64538,64542,64552,64594,64595,64624,64625,64633,64636,64649,64658,64666,64674,64676,64709,64739,64740,64754,64764,64783,64796,64802,64824,64864,64884,64934,64970,64992,64999
Leicester:36079,36083,36096,36117,36146,36178,36182,36197,36201,36212,36224,36234,36239,36241,36269,36282,36298,36318,36330,36333,36342,36351,36368,36381,36395,36403,36419,36428,36432,36439,36455,36468,36474,36477,36505,36512,36513,36535,36542,36555,36559,36591,36620,36641,36654,36658|68124,68131,68153,68176,68188,68236,68294,68316,68322,68335,68353,68363,68377,68407,68438,68440,68465,68477,68517,68519,68525,68559,68565,68602,68606,68644,68684,68686,68726,68738,68758,68763,68765,68781,68784,68796,68798,68818,68826,68840,68850,68868,68881,68887,68892,68909,68951,68967,69015,69041,69050,69072,69079
Lichfield:36546,36550,36563,36584,36592,36604,36613,36649,36652,36664,36673,36679,36691,36708,36720,36732,36736,36749,36765,36785,36797,36809,36823,36835,36846,36848,36862,36886,36899,36906,36915,36922,36935,36944,36979,36980,36989,37002,37009,37022,37058,37086,37087,37100,37108,37121,37125|61259,61267,61288,61323,61362,61371,61425,61430,61451,61458,61470,61489,61498,61507,61513,61542,61574,61576,61601,61613,61653,61654,61695,61698,61704,61738,61746,61780,61811,61821,61822,61862,61874,61879,61899,61901,61911,61933,61962,61964,61977,61986,62005,62017,62024,62035,62045,62104,62152,62187,62196,62208,62216
Lincoln:42017,42021,42034,42055,42084,42117,42120,42135,42150,42162,42163,42179,42207,42220,42226,42236,42250,42251,42256,42268,42274,42280,42293,42306,42319,42324,42333,42338,42353,42357,42370,42377,42393,42406,42415,42450,42451,42473,42480,42493,42496,42529,42558,42562,42579,42592,42596|74109,74117,74138,74174,74223,74260,74282,74304,74310,74323,74342,74351,74366,74396,74428,74430,74455,74467,74482,74508,74509,74519,74527,74550,74577,74579,74594,74637,74645,74678,74679,74720,74732,74757,74759,74791,74821,74836,74845,74864,74877,74883,74905,74936,74960,74964,74974,75013,75049,75070,75078
Lisburn:54872,54876,54889,54910,54917,54939,54975,54990,55005,55017,55028,55034,55046,55062,55069,55075,55083,55091,55111,55123,55135,55136,55154,55161,55174,55188,55212,55218,55225,55232,55248,55261,55270,55292,55305,55306,55328,55335,55348,55355,55384,55413,55434,55447,55451|19135,19143,19165,19202,19252,19314,19336,19342,19356,19375,19383,19385,19399,19400,19431,19433,19464,19466,19469,19492,19505,19546,19548,19565,19590,19612,19634,19635,19679,19721,19723,19764,19777,19790,19803,19805,19819,19838,19869,19877,19884,19894,19913,19927,19933,19955,20001,20017,20067,20104,20126,20134
Liverpool:43794,43798,43811,43832,43861,43893,43897,43912,43917,43927,43939,43954,43956,43984,43997,43998,44013,44033,44045,44049,44057,44084,44085,44096,44110,44115,44132,44134,44147,44154,44166,44170,44183,44186,44192,44223,44227,44228,44250,44257,44270,44306,44335,44356,44368,44369,44373|49597,49605,49627,49662,49711,49766,49771,49793,49799,49812,49831,49840,49844,49855,49885,49907,49917,49919,49939,49945,49957,49998,49999,50000,50008,50022,50040,50084,50119,50127,50168,50169,50210,50222,50248,50250,50282,50312,50327,50336,50345,50355,50368,50374,50383,50396,50456,50489,50503,50505,50540,50562,50570
London:24784,24788,24801,24809,24822,24844,24851,24882,24887,24902,24917,24920,24929,24946,24974,24978,24987,25002,25003,25023,25026,25035,25047,25073,25086,25100,25124,25137,25144,25150,25160,25164,25173,25182,25192,25217,25218,25240,25247,25250,25260,25296,25325,25346,25359,25363|78256,78263,78284,78318,78328,78365,78416,78422,78443,78449,78456,78461,78480,78481,78489,78490,78503,78531,78562,78564,78589,78600,78626,78639,78641,78680,78722,78734,78763,78789,78802,78804,78843,78853,78854,78879,78881,78912,78926,78940,78954,78963,78982,78994,79000,79018,79021,79078,79114,79125,79159,79180,79187
Manchester:44518,44522,44535,44539,44556,44585,44590,44593,44621,44636,44645,44651,44663,44673,44680,44702,44708,44721,44732,44737,44757,44769,44781,44808,44820,44834,44851,44857,44858,44871,44878,44894,44907,44908,44916,44926,44951,44952,44974,44981,44994,45030,45033,45059,45080,45093,45097|57086,57094,57116,57152,57161,57200,57260,57282,57289,57301,57320,57330,57345,57375,57407,57409,57435,57447,57487,57488,57489,57530,57570,57574,57617,57650,57658,57659,57660,57691,57700,57712,57738,57740,57747,57772,57779,57794,57802,57807,57817,57827,57846,57858,57865,57887,57895,57908,57947,57995,58031,58053,58061
Middlesbrough:55452,55456,55469,55490,55504,55519,55555,55570,55585,55597,55601,55614,55642,55655,55671,55691,55703,55708,55715,55730,55741,55754,55767,55768,55773,55792,55804,55805,55812,55828,55841,55850,55883,55885,55886,55901,55908,55909,55915,55928,55964,55965,55991,55993,56014,56027,56031|67150,67158,67181,67217,67267,67329,67330,67351,67358,67371,67390,67391,67400,67416,67425,67446,67479,67481,67508,67520,67562,67564,67595,67606,67624,67645,67651,67695,67707,67718,67737,67739,67740,67781,67793,67820,67822,67855,67872,67885,67901,67910,67930,67943,67950,67953,67972,68034,68039,68084,68120,68143,68151
Milton Keynes:30116,30120,30133,30154,30161,30183,30219,30234,30249,30261,30278,30306,30319,30335,30353,30355,30367,30379,30405,30418,30432,30452,30456,30469,30476,30492,30505,30511,30514,30549,30550,30552,30563,30572,30579,30592,30615,30628,30657,30662,30678,30691,30695|71934,71941,71963,71997,72045,72103,72114,72124,72130,72142,72161,72170,72184,72213,72244,72246,72260,72271,72275,72283,72322,72324,72347,72352,72363,72381,72406,72448,72470,72487,72489,72528,72540,72561,72565,72567,72570,72591,72598,72604,72627,72641,72650,72669,72681,72687,72708,72766,72805,72814,72848,72870,72877
Newcastle upon Tyne:59493,59497,59510,59531,59560,59596,59604,59606,59611,59625,59626,59636,59638,59655,59683,59696,59712,59722,59731,59732,59744,59756,59782,59795,59809,59814,59833,59846,59853,59869,59882,59884,59891,59902,59926,59927,59949,59956,59969,60003,60005,60027,60034,60055,60068,60072|63316,63324,63347,63384,63435,63441,63490,63497,63519,63526,63539,63559,63569,63585,63614,63615,63634,63649,63651,63652,63666,63677,63690,63702,63732,63734,63776,63822,63833,63867,63903,63909,63911,63948,63953,63966,63992,63994,64028,64058,64074,64084,64104,64117,64124,64145,64146,64208,64259,64296,64319,64327
Newport:25592,25596,25609,25630,25655,25659,25670,25695,25710,25725,25728,25737,25753,25754,25773,25782,25795,25811,25814,25831,25843,25855,25868,25882,25894,25908,25932,25945,25952,25968,25981,25990,26003,26025,26026,26031,26048,26055,26068,26082,26085,26104,26133,26154,26167,26171|49556,49563,49584,49618,49665,49723,49733,49743,49750,49762,49780,49789,49802,49804,49810,49832,49850,49863,49865,49889,49901,49932,49940,49941,49981,50023,50064,50092,50104,50105,50131,50144,50156,50180,50182,50188,50209,50213,50241,50256,50265,50274,50283,50295,50302,50322,50344,50378,50380,50427,50461,50482,50489
Newry:51461,51465,51478,51483,51499,51527,51528,51542,51563,51564,51579,51594,51606,51623,51625,51651,51664,51680,51685,51700,51712,51723,51724,51751,51759,51763,51777,51801,51814,51821,51837,51840,51850,51859,51894,51895,51917,51923,51924,51937,51973,51975,52002,52023,52036,52040|16102,16105,16110,16132,16169,16218,16258,16279,16301,16308,16321,16340,16346,16350,16365,16395,16396,16428,16430,16456,16469,16471,16510,16512,16553,16597,16642,16667,16674,16683,16685,16704,16726,16739,16765,16767,16800,16830,16832,16845,16849,16855,16874,16887,16894,16916,16955,16977,17026,17062,17063,17085,17093
Norwich:36019,36023,36036,36057,36086,36122,36137,36152,36164,36181,36182,36185,36209,36222,36238,36258,36270,36282,36299,36304,36308,36321,36335,36359,36368,36372,36379,36382,36395,36408,36417,36429,36452,36453,36475,36482,36485,36495,36509,36529,36531,36560,36581,36594,36598|92496,92503,92525,92560,92571,92591,92608,92634,92641,92667,92688,92694,92707,92719,92725,92735,92749,92779,92810,92812,92827,92837,92849,92863,92889,92891,92931,92966,92967,92973,93016,93056,93058,93073,93098,93110,93135,93137,93168,93198,93212,93222,93240,93248,93253,93259,93280,93303,93339,93387,93422,93444,93451
Nottingham:39258,39262,39275,39296,39325,39361,39376,39391,39397,39403,39420,39436,39448,39461,39477,39484,39497,39509,39521,39547,39560,39570,39574,39598,39602,39611,39613,39618,39634,39647,39656,39691,39692,39699,39714,39721,39728,39734,39749,39770,39791,39799,39820,39833,39837|67937,67945,67966,68002,68010,68050,68109,68131,68137,68150,68168,68178,68193,68215,68222,68233,68254,68256,68281,68293,68333,68334,68335,68375,68419,68443,68462,68487,68502,68503,68504,68544,68556,68581,68583,68600,68615,68633,68644,68659,68664,68669,68687,68700,68706,68713,68728,68787,68835,68871,68876,68892,68900
Oxford:27230,27234,27247,27268,27297,27326,27333,27348,27363,27375,27392,27420,27429,27433,27449,27462,27469,27481,27493,27520,27532,27539,27546,27570,27583,27590,27606,27619,27628,27663,27664,27686,27687,27693,27694,27706,27742,27746,27763,27769,27771,27787,27792,27805,27809|66954,66961,66983,67017,67064,67096,67097,67122,67142,67145,67149,67161,67179,67188,67203,67231,67246,67262,67264,67289,67301,67307,67328,67340,67341,67381,67423,67464,67504,67505,67540,67544,67556,67557,67581,67583,67604,67614,67642,67657,67666,67684,67696,67703,67723,67781,67828,67862,67863,67884,67891
Perth:73672,73676,73689,73710,73729,73739,73766,73775,73790,73798,73805,73817,73834,73838,73848,73862,73875,73891,73911,73923,73930,73935,73960,73962,73974,73988,74012,74025,74032,74048,74061,74070,74075,74087,74105,74106,74128,74135,74148,74184,74188,74190,74204,74213,74234,74247,74251|45106,45114,45137,45176,45228,45293,45316,45323,45337,45357,45368,45384,45416,45450,45452,45457,45480,45493,45497,45537,45539,45583,45612,45630,45676,45688,45720,45722,45766,45777,45779,45807,45809,45843,45846,45874,45875,45891,45902,45906,45922,45936,45943,45966,45974,46031,46083,46122,46141,46145,46153
Peterborough:35405,35409,35422,35443,35472,35490,35498,35508,35523,35538,35543,35550,35567,35589,35595,35608,35624,35644,35656,35668,35674,35694,35699,35707,35721,35745,35757,35758,35765,35781,35794,35798,35803,35825,35838,35839,35861,35868,35881,35890,35914,35917,35933,35946,35967,35980,35984|77118,77125,77146,77181,77229,77288,77309,77316,77328,77332,77347,77356,77371,77372,77400,77431,77433,77436,77458,77470,77510,77512,77539,77552,77572,77595,77616,77637,77677,77679,77719,77731,77748,77752,77756,77758,77789,77818,77828,77833,77842,77861,77872,77873,77880,77889,77901,77960,78008,78043,78064,78071
Plymouth:13465,13469,13482,13503,13532,13568,13583,13587,13598,13610,13627,13636,13652,13655,13665,13668,13669,13684,13704,13716,13728,13731,13734,13743,13755,13767,13781,13805,13807,13818,13825,13841,13854,13859,13863,13898,13899,13921,13928,13941,13943,13977,14006,14027,14040,14044|38118,38125,38145,38179,38224,38280,38301,38307,38319,38336,38345,38359,38374,38387,38401,38408,38415,38417,38419,38443,38454,38492,38494,38532,38573,38613,38632,38651,38653,38686,38688,38691,38702,38726,38728,38732,38758,38786,38800,38808,38809,38826,38838,38844,38865,38904,38921,38942,38966,39000,39020,39027
Portsmouth:17908,17912,17925,17946,17975,18011,18020,18026,18041,18042,18053,18070,18098,18111,18113,18127,18145,18147,18158,18159,18163,18171,18179,18198,18210,18224,18237,18248,18253,18261,18268,18284,18297,18302,18306,18341,18342,18364,18371,18384,18399,18420,18449,18470,18483,18487|68661,68668,68688,68722,68768,68825,68843,68845,68851,68863,68881,68890,68904,68932,68936,68957,68963,68964,68979,68989,69000,69038,69039,69040,69078,69107,69120,69161,69199,69200,69201,69218,69239,69250,69275,69276,69307,69322,69330,69335,69349,69358,69376,69388,69394,69413,69414,69440,69471,69481,69517,69551,69571,69578
Preston:47342,47346,47359,47379,47380,47409,47413,47441,47445,47460,47475,47487,47500,47504,47532,47545,47561,47581,47593,47598,47605,47628,47631,47644,47658,47682,47688,47695,47702,47713,47718,47731,47734,47740,47775,47776,47798,47805,47818,47854,47856,47883,47885,47904,47917,47921|52478,52486,52508,52544,52590,52593,52653,52675,52682,52695,52696,52714,52723,52733,52738,52768,52801,52803,52807,52811,52829,52841,52882,52883,52925,52969,53006,53012,53054,53055,53078,53096,53108,53115,53134,53136,53156,53169,53175,53199,53214,53223,53242,53255,53262,53284,53344,53393,53428,53429,53451,53459
Reading:24253,24257,24270,24291,24320,24326,24356,24371,24382,24386,24398,24404,24415,24430,24443,24456,24472,24492,24494,24504,24516,24526,24533,24543,24555,24569,24573,24593,24606,24613,24616,24629,24642,24651,24661,24672,24686,24687,24709,24716,24729,24765,24794,24815,24828,24832|69753,69760,69781,69795,69816,69862,69863,69866,69920,69940,69941,69946,69959,69971,69977,69986,70000,70029,70059,70061,70074,70086,70097,70110,70136,70138,70150,70177,70198,70219,70260,70299,70301,70340,70351,70376,70378,70389,70408,70437,70451,70460,70478,70490,70491,70497,70517,70571,70575,70621,70656,70677,70684
Ripon:51091,51095,51108,51115,51129,51158,51194,51209,51224,51236,51246,51253,51257,51264,51281,51294,51310,51316,51330,51334,51342,51354,51381,51393,51394,51407,51431,51444,51451,51457,51460,51467,51480,51488,51489,51524,51525,51536,51547,51554,51567,51603,51632,51642,51653,51666,51670|64270,64277,64300,64336,64352,64385,64442,64446,64468,64475,64488,64507,64508,64517,64532,64563,64595,64597,64623,64636,64648,64677,64679,64720,64755,64764,64786,64809,64812,64841,64847,64850,64852,64889,64893,64906,64932,64934,64966,64997,65012,65022,65041,65054,65061,65083,65144,65193,65204,65229,65252,65259
Salford:44585,44589,44602,44623,44645,44652,44658,44672,44688,44703,44718,44730,44747,44775,44788,44804,44824,44825,44836,44848,44874,44882,44887,44891,44901,44925,44932,44933,44938,44945,44961,44974,44983,44989,45018,45019,45041,45048,45061,45088,45097,45126,45147,45148,45160,45164|56611,56619,56641,56664,56677,56725,56785,56803,56807,56811,56814,56826,56835,56845,56855,56870,56900,56932,56934,56941,56960,56972,57012,57013,57014,57015,57055,57068,57099,57137,57142,57183,57184,57185,57225,57237,57263,57265,57297,57327,57342,57352,57371,57376,57383,57390,57412,57472,57498,57501,57520,57545,57556,57578,57586
Salisbury:20403,20407,20420,20441,20454,20470,20506,20510,20521,20536,20548,20565,20593,20606,20622,20624,20625,20636,20642,20651,20654,20666,20692,20705,20719,20735,20743,20748,20756,20763,20779,20783,20792,20801,20822,20836,20837,20859,20866,20879,20898,20906,20915,20944,20965,20978,20982|61594,61601,61622,61656,61675,61702,61707,61725,61748,61759,61780,61786,61798,61816,61825,61839,61867,61870,61898,61900,61924,61935,61974,61975,61992,62014,62051,62056,62097,62098,62136,62137,62176,62187,62211,62213,62225,62244,62263,62272,62286,62295,62310,62313,62325,62331,62352,62409,62455,62489,62510,62517
Sheffield:43521,43525,43538,43541,43559,43588,43624,43639,43654,43666,43683,43711,43715,43724,43738,43740,43760,43767,43772,43784,43811,43823,43837,43861,43874,43876,43881,43890,43897,43910,43919,43954,43955,43967,43977,43984,43992,43997,44033,44059,44061,44062,44083,44096,44100|64813,64820,64842,64878,64926,64964,64986,65007,65008,65014,65016,65027,65046,65056,65071,65100,65104,65132,65134,65135,65160,65172,65213,65214,65255,65272,65298,65342,65361,65379,65383,65384,65425,65437,65455,65462,65463,65465,65474,65497,65526,65541,65551,65570,65583,65589,65611,65671,65713,65719,65755,65777,65784
Southampton:18807,18811,18824,18845,18851,18874,18900,18910,18925,18940,18952,18969,18997,19010,19026,19038,19046,19058,19070,19097,19109,19123,19142,19147,19160,19164,19167,19183,19196,19205,19213,19219,19240,19241,19261,19263,19270,19272,19283,19293,19319,19348,19369,19382,19386|65496,65503,65524,65557,65589,65603,65660,65663,65680,65687,65699,65717,65726,65734,65740,65768,65798,65800,65824,65836,65874,65876,65903,65914,65956,65997,66035,66037,66075,66087,66099,66111,66113,66117,66143,66169,66171,66172,66185,66194,66212,66224,66231,66233,66239,66251,66294,66308,66354,66387,66408,66415
Southend-on-Sea:25170,25174,25187,25208,25237,25242,25273,25288,25303,25313,25315,25332,25355,25360,25366,25373,25389,25390,25395,25408,25409,25421,25433,25451,25459,25472,25486,25510,25523,25530,25546,25559,25568,25603,25604,25626,25633,25646,25682,25691,25710,25711,25732,25738,25745,25749|86610,86617,86639,86648,86665,86669,86673,86696,86719,86777,86798,86804,86816,86834,86843,86858,86886,86917,86919,86944,86955,86972,86976,86989,86994,86996,87035,87076,87115,87118,87157,87159,87198,87209,87215,87234,87236,87249,87267,87275,87287,87295,87310,87319,87337,87349,87355,87376,87434,87480,87514,87536,87543
St Asaph:42294,42298,42311,42313,42332,42361,42397,42412,42427,42430,42432,42439,42456,42481,42484,42491,42497,42513,42533,42545,42557,42581,42584,42596,42601,42610,42611,42634,42647,42654,42670,42675,42683,42692,42727,42728,42750,42755,42757,42770,42799,42806,42835,42856,42869,42873|45095,45102,45124,45160,45167,45208,45268,45290,45296,45309,45328,45337,45352,45382,45387,45414,45416,45438,45441,45453,45458,45494,45495,45536,45579,45598,45609,45623,45638,45664,45665,45706,45718,45732,45743,45745,45777,45802,45807,45822,45831,45837,45850,45863,45869,45891,45951,45965,45999,46035,46057,46064
St Davids:28522,28526,28539,28560,28574,28589,28609,28625,28640,28655,28666,28667,28684,28686,28697,28712,28725,28741,28761,28773,28785,28791,28811,28821,28824,28838,28862,28875,28882,28898,28911,28920,28922,28950,28955,28956,28959,28978,28985,28998,29034,29063,29064,29084,29097,29101|26870,26877,26898,26933,26980,27038,27059,27065,27073,27077,27080,27096,27105,27119,27131,27141,27148,27179,27181,27206,27217,27256,27257,27258,27267,27298,27303,27340,27356,27361,27381,27421,27422,27423,27441,27462,27473,27498,27499,27500,27531,27560,27574,27577,27583,27602,27614,27620,27641,27699,27746,27781,27802,27809
Stirling:70875,70879,70892,70913,70942,70978,70984,70993,71008,71020,71037,71063,71065,71078,71094,71099,71112,71114,71123,71126,71138,71151,71162,71165,71177,71191,71215,71222,71228,71232,71235,71251,71264,71273,71283,71288,71308,71309,71331,71338,71351,71385,71387,71416,71437,71450,71454|40111,40118,40126,40142,40180,40232,40296,40298,40319,40326,40340,40360,40363,40366,40371,40387,40418,40453,40455,40482,40495,40498,40504,40539,40540,40563,40584,40631,40677,40721,40722,40729,40766,40779,40806,40808,40843,40874,40890,40901,40921,40935,40940,40942,40946,40965,41015,41029,41081,41106,41119,41143,41150
Stoke-on-Trent:39737,39741,39754,39775,39804,39840,39852,39855,39864,39870,39873,39882,39893,39899,39927,39940,39956,39971,39976,39977,39988,40000,40018,40026,40039,40053,40070,40077,40090,40097,40113,40126,40135,40161,40170,40171,40193,40200,40203,40213,40233,40249,40278,40299,40312,40316|57724,57731,57738,57753,57788,57837,57896,57917,57924,57936,57955,57957,57965,57980,58009,58041,58043,58051,58068,58071,58080,58120,58121,58122,58162,58186,58206,58249,58289,58290,58291,58319,58331,58343,58363,58368,58370,58384,58402,58431,58446,58456,58475,58487,58494,58515,58528,58567,58574,58587,58601,58623,58658,58680,58687
Sunderland:58779,58783,58796,58817,58846,58861,58882,58897,58912,58924,58941,58969,58978,58982,58988,58998,59018,59020,59030,59042,59049,59069,59077,59081,59095,59116,59119,59132,59139,59155,59165,59168,59177,59207,59212,59213,59232,59235,59238,59242,59255,59291,59320,59341,59344,59354,59358|65657,65665,65688,65725,65758,65775,65837,65860,65867,65880,65900,65909,65925,65956,65962,65989,65991,66018,66022,66030,66072,66073,66074,66089,66090,66105,66116,66154,66162,66184,66196,66204,66207,66249,66250,66251,66293,66305,66332,66334,66367,66397,66398,66414,66423,66443,66456,66463,66486,66548,66592,66598,66635,66658,66666
Swansea:25924,25928,25941,25962,25991,26027,26042,26057,26062,26069,26075,26086,26114,26127,26129,26136,26143,26163,26175,26187,26204,26214,26226,26240,26264,26277,26281,26284,26290,26293,26300,26313,26322,26333,26357,26358,26380,26387,26400,26436,26465,26486,26499,26503|40097,40104,40121,40125,40159,40206,40263,40284,40290,40303,40305,40321,40330,40344,40373,40404,40406,40409,40430,40442,40472,40481,40482,40504,40522,40564,40601,40605,40611,40633,40645,40646,40651,40685,40697,40721,40723,40747,40754,40783,40797,40806,40807,40824,40837,40843,40864,40921,40968,41002,41023,41030
Truro:12342,12346,12359,12380,12409,12419,12445,12460,12475,12487,12504,12532,12544,12545,12561,12581,12593,12605,12631,12644,12658,12682,12687,12691,12695,12696,12702,12718,12731,12738,12740,12753,12758,12763,12775,12776,12777,12798,12805,12818,12854,12883,12904,12917,12921|29036,29043,29063,29097,29103,29111,29142,29166,29198,29218,29224,29236,29254,29263,29277,29304,29334,29336,29360,29371,29393,29409,29410,29411,29427,29441,29449,29489,29530,29568,29569,29570,29575,29608,29619,29643,29645,29675,29702,29716,29725,29743,29747,29755,29761,29762,29773,29781,29782,29815,29837,29882,29916,29936,29943
Wakefield:46543,46547,46560,46572,46577,46581,46610,46646,46661,46668,46676,46688,46704,46705,46708,46733,46743,46746,46762,46767,46770,46782,46785,46794,46806,46831,46833,46845,46859,46883,46896,46903,46916,46919,46932,46940,46941,46976,46977,46999,47006,47019,47055,47084,47105,47118,47122|64510,64518,64540,64576,64625,64667,64679,64685,64707,64713,64726,64745,64755,64770,64791,64800,64809,64828,64832,64834,64848,64860,64872,64913,64915,64956,65000,65043,65052,65053,65084,65086,65127,65139,65165,65167,65179,65199,65201,65229,65244,65254,65273,65286,65292,65314,65374,65423,65435,65459,65481,65489
Wells:21800,21804,21817,21838,21866,21867,21903,21918,21933,21945,21962,21984,21990,22003,22019,22029,22039,22051,22063,22090,22091,22097,22102,22116,22119,22140,22153,22160,22176,22179,22189,22191,22198,22233,22234,22255,22256,22263,22276,22282,22309,22312,22341,22362,22375,22379|53068,53075,53096,53130,53146,53176,53212,53233,53254,53260,53272,53290,53299,53313,53333,53342,53343,53372,53374,53398,53410,53449,53450,53478,53489,53517,53526,53530,53572,53611,53612,53651,53663,53687,53688,53689,53716,53719,53748,53762,53771,53789,53794,53799,53801,53807,53828,53885,53925,53931,53965,53986,53993
Winchester:20342,20346,20359,20380,20391,20409,20444,20445,20460,20475,20487,20495,20504,20532,20545,20561,20581,20593,20598,20605,20609,20632,20633,20640,20644,20658,20682,20689,20695,20702,20718,20731,20740,20745,20765,20775,20776,20780,20798,20805,20818,20854,20883,20904,20917,20921|66458,66465,66486,66520,66566,66594,66623,66644,66650,66654,66662,66680,66689,66703,66731,66762,66764,66788,66799,66835,66838,66839,66843,66878,66920,66961,66994,66998,67000,67001,67007,67040,67051,67058,67075,67077,67079,67108,67136,67141,67150,67159,67177,67189,67195,67208,67212,67216,67273,67319,67353,67374,67381
Wolverhampton:35565,35569,35582,35601,35603,35632,35668,35683,35698,35710,35727,35734,35755,35759,35764,35765,35768,35784,35804,35816,35828,35855,35867,35881,35897,35905,35913,35918,35925,35941,35954,35955,35958,35963,35987,35998,35999,36018,36021,36028,36035,36041,36077,36106,36127,36140,36144|58240,58248,58269,58304,58348,58352,58411,58432,58438,58450,58451,58470,58479,58485,58491,58494,58523,58554,58556,58558,58581,58584,58586,58593,58633,58635,58675,58697,58718,58750,58760,58800,58802,58842,58847,58854,58879,58881,58912,58941,58956,58965,58984,58997,59001,59003,59014,59024,59083,59131,59166,59187,59195
Worcester:31639,31643,31656,31677,31706,31733,31742,31757,31772,31784,31785,31801,31802,31821,31829,31841,31842,31858,31878,31890,31902,31929,31941,31955,31979,31992,31999,32001,32007,32015,32028,32033,32037,32043,32058,32072,32073,32084,32095,32102,32115,32151,32162,32180,32201,32214,32218|57321,57328,57349,57384,57386,57425,57431,57459,57490,57511,57517,57527,57529,57548,57557,57572,57601,57632,57634,57659,57670,57671,57710,57711,57721,57748,57751,57784,57793,57836,57870,57876,57877,57917,57928,57949,57953,57955,57958,57986,58015,58030,58039,58058,58070,58076,58097,58151,58156,58203,58238,58259,58266
Wrexham:40188,40192,40205,40226,40255,40291,40306,40321,40333,40350,40351,40354,40360,40378,40391,40407,40427,40439,40451,40478,40490,40504,40510,40528,40541,40548,40564,40567,40577,40586,40616,40621,40622,40624,40633,40644,40651,40664,40666,40667,40676,40700,40729,40750,40763,40767|49601,49609,49630,49666,49714,49774,49795,49801,49806,49814,49833,49842,49857,49887,49912,49919,49921,49927,49935,49946,49958,49998,50000,50040,50065,50084,50087,50127,50167,50169,50175,50209,50221,50246,50248,50249,50280,50285,50290,50310,50325,50334,50351,50353,50366,50372,50393,50453,50501,50537,50558,50566
York:49309,49313,49326,49347,49362,49376,49412,49417,49427,49442,49454,49464,49471,49485,49499,49512,49526,49528,49548,49560,49572,49598,49611,49618,49625,49649,49662,49669,49685,49693,49698,49707,49723,49742,49743,49747,49765,49772,49785,49791,49806,49821,49850,49871,49884,49888|68634,68641,68664,68700,68749,68772,68810,68832,68838,68851,68866,68871,68880,68884,68895,68901,68925,68928,68958,68960,68986,68998,69039,69040,69041,69082,69122,69127,69171,69191,69205,69212,69213,69214,69255,69267,69280,69293,69295,69328,69358,69364,69373,69382,69402,69415,69421,69443,69504,69541,69553,69589,69612,69619
