# Important latitude indices for all 76 UK cities (2.0-mile radius coverage)
# Generated by cities_best_words_for_center_point.py
# Attribution: City coordinates from Ordnance Survey and UK geographic databases
12342
12346
12359
12380
12409
12419
12445
12460
12475
12487
12504
12532
12544
12545
12561
12581
12593
12605
12631
12644
12658
12682
12687
12691
12695
12696
12702
12718
12731
12738
12740
12753
12758
12763
12775
12776
12777
12798
12805
12818
12854
12883
12904
12917
12921
13465
13469
13482
13503
13532
13568
13583
13587
13598
13610
13627
13636
13652
13655
13665
13668
13669
13684
13704
13716
13728
13731
13734
13743
13755
13767
13781
13805
13807
13818
13825
13841
13854
13859
13863
13898
13899
13921
13928
13941
13943
13977
14006
14027
14040
14044
16894
16898
16911
16921
16932
16961
16997
17002
17012
17027
17039
17056
17057
17073
17084
17097
17113
17133
17145
17148
17156
17157
17158
17184
17196
17210
17220
17234
17247
17254
17269
17270
17278
17283
17292
17327
17328
17350
17357
17370
17393
17406
17435
17456
17469
17473
17908
17912
17925
17935
17939
17946
17952
17961
17973
17975
18000
18002
18011
18020
18025
18026
18038
18041
18042
18053
18068
18070
18071
18075
18079
18080
18090
18092
18097
18098
18111
18113
18125
18127
18138
18142
18145
18147
18154
18158
18159
18163
18171
18174
18178
18179
18186
18190
18193
18198
18208
18209
18210
18214
18220
18224
18237
18248
18251
18253
18261
18265
18268
18274
18275
18278
18284
18288
18294
18295
18296
18297
18302
18306
18311
18314
18316
18324
18326
18333
18338
18341
18342
18352
18364
18365
18368
18369
18371
18377
18384
18389
18391
18398
18399
18411
18415
18420
18428
18435
18440
18445
18447
18449
18451
18464
18465
18470
18473
18476
18483
18487
18497
18508
18509
18510
18514
18531
18538
18551
18581
18587
18614
18616
18637
18650
18654
18807
18811
18824
18845
18851
18874
18900
18910
18925
18940
18952
18969
18997
19010
19026
19038
19046
19058
19070
19097
19109
19123
19142
19147
19160
19164
19167
19183
19196
19205
19213
19219
19240
19241
19261
19263
19270
19272
19283
19293
19319
19348
19369
19382
19386
20342
20346
20359
20380
20391
20403
20407
20409
20420
20441
20444
20445
20454
20460
20470
20475
20487
20495
20504
20506
20510
20521
20532
20536
20545
20548
20561
20565
20581
20593
20598
20605
20606
20609
20622
20624
20625
20632
20633
20636
20640
20642
20644
20651
20654
20658
20666
20682
20689
20692
20695
20702
20705
20718
20719
20731
20735
20740
20743
20745
20748
20756
20763
20765
20775
20776
20779
20780
20783
20792
20798
20801
20805
20818
20822
20836
20837
20854
20859
20866
20879
20883
20898
20904
20906
20915
20917
20921
20944
20965
20978
20982
21800
21804
21817
21838
21866
21867
21903
21918
21933
21945
21962
21984
21990
22003
22019
22029
22039
22051
22063
22090
22091
22097
22102
22116
22119
22140
22153
22160
22176
22179
22189
22191
22198
22233
22234
22255
22256
22263
22276
22282
22309
22312
22341
22362
22375
22379
22512
22516
22529
22550
22579
22615
22630
22645
22657
22674
22702
22713
22715
22724
22727
22731
22741
22751
22753
22763
22775
22802
22814
22828
22851
22852
22865
22872
22873
22888
22901
22910
22945
22946
22968
22975
22988
22996
23024
23053
23061
23074
23087
23091
23468
23472
23485
23506
23535
23571
23577
23586
23594
23601
23613
23630
23658
23659
23671
23682
23687
23707
23719
23731
23737
23738
23749
23757
23770
23784
23808
23821
23828
23844
23857
23866
23874
23899
23901
23902
23920
23924
23931
23944
23969
23980
23998
24009
24030
24043
24047
24253
24255
24257
24259
24270
24272
24291
24293
24320
24322
24326
24356
24358
24364
24371
24373
24382
24385
24386
24388
24398
24400
24404
24415
24417
24419
24424
24430
24443
24445
24456
24458
24472
24474
24483
24492
24494
24497
24504
24506
24516
24518
24526
24530
24533
24534
24543
24545
24555
24557
24563
24564
24569
24571
24573
24578
24593
24595
24606
24608
24613
24615
24616
24629
24631
24642
24644
24651
24652
24653
24659
24661
24671
24672
24686
24687
24688
24689
24709
24711
24712
24716
24718
24729
24731
24732
24745
24764
24765
24767
24777
24784
24788
24789
24792
24794
24796
24801
24806
24809
24814
24815
24816
24817
24822
24828
24830
24832
24834
24842
24844
24851
24866
24879
24882
24886
24887
24902
24915
24917
24920
24924
24929
24946
24959
24960
24974
24978
24982
24987
24989
24993
25002
25003
25023
25025
25026
25035
25038
25047
25048
25067
25073
25086
25088
25100
25101
25105
25124
25137
25144
25150
25160
25164
25170
25173
25174
25182
25187
25192
25208
25217
25218
25237
25240
25242
25247
25250
25260
25273
25288
25296
25303
25313
25315
25325
25332
25346
25355
25359
25360
25363
25366
25373
25389
25390
25395
25408
25409
25421
25433
25451
25459
25472
25486
25510
25523
25530
25546
25559
25568
25592
25596
25603
25604
25609
25626
25630
25633
25646
25655
25659
25670
25682
25691
25695
25710
25711
25725
25728
25732
25737
25738
25745
25749
25753
25754
25773
25782
25795
25811
25814
25831
25843
25855
25868
25882
25894
25908
25924
25928
25932
25941
25945
25952
25962
25968
25981
25990
25991
26003
26025
26026
26027
26031
26042
26048
26055
26057
26062
26068
26069
26075
26082
26085
26086
26104
26114
26127
26129
26133
26136
26143
26154
26163
26167
26171
26175
26187
26204
26214
26226
26240
26264
26277
26281
26284
26290
26293
26300
26313
26322
26333
26357
26358
26380
26387
26400
26436
26465
26486
26499
26503
27066
27070
27083
27104
27126
27133
27169
27184
27187
27199
27208
27211
27228
27230
27234
27247
27248
27256
27266
27268
27269
27285
27297
27305
27314
27317
27326
27329
27333
27348
27355
27363
27368
27375
27382
27392
27394
27406
27416
27419
27420
27426
27429
27433
27442
27449
27455
27456
27462
27464
27469
27481
27493
27499
27500
27520
27522
27529
27532
27536
27539
27542
27546
27568
27570
27578
27583
27590
27606
27607
27619
27628
27641
27645
27663
27664
27686
27687
27693
27694
27706
27742
27746
27763
27769
27771
27787
27792
27805
27809
28352
28356
28369
28390
28396
28419
28455
28470
28485
28497
28498
28514
28522
28526
28539
28542
28543
28555
28560
28571
28572
28574
28589
28591
28595
28603
28609
28615
28625
28637
28640
28641
28654
28655
28666
28667
28668
28684
28686
28692
28697
28698
28705
28712
28720
28725
28727
28728
28741
28750
28761
28773
28785
28786
28791
28808
28811
28815
28821
28824
28828
28832
28838
28862
28864
28875
28882
28893
28898
28911
28914
28916
28920
28922
28927
28931
28950
28955
28956
28959
28978
28985
28998
29034
29063
29064
29084
29097
29101
30116
30120
30133
30154
30161
30183
30219
30234
30249
30261
30277
30278
30281
30294
30306
30315
30319
30335
30344
30353
30355
30367
30379
30380
30395
30405
30410
30413
30418
30421
30422
30432
30439
30444
30452
30456
30467
30469
30476
30480
30487
30492
30496
30505
30511
30514
30516
30528
30540
30549
30550
30552
30563
30564
30566
30572
30579
30592
30593
30598
30600
30604
30615
30617
30628
30630
30637
30653
30655
30657
30662
30666
30675
30678
30679
30691
30695
30707
30710
30711
30733
30740
30753
30789
30818
30839
30852
30856
31639
31643
31656
31677
31706
31733
31742
31757
31763
31767
31771
31772
31780
31784
31785
31801
31802
31821
31829
31830
31841
31842
31858
31866
31878
31881
31890
31896
31902
31908
31925
31929
31941
31953
31955
31966
31970
31979
31982
31987
31992
31999
32001
32002
32007
32014
32015
32026
32028
32033
32037
32043
32053
32058
32065
32072
32073
32079
32084
32095
32102
32103
32106
32115
32116
32123
32139
32151
32152
32155
32158
32161
32162
32180
32196
32197
32201
32206
32214
32218
32219
32225
32226
32239
32247
32275
32303
32304
32325
32338
32342
33690
33694
33707
33728
33742
33757
33778
33782
33786
33793
33795
33798
33808
33816
33823
33835
33844
33845
33852
33857
33874
33880
33881
33885
33891
33893
33896
33909
33911
33923
33929
33940
33941
33951
33952
33953
33956
33968
33980
33981
33990
33992
33997
34006
34017
34023
34026
34029
34030
34041
34043
34050
34060
34064
34066
34067
34077
34079
34080
34088
34094
34112
34118
34123
34124
34127
34131
34137
34138
34146
34153
34154
34166
34167
34176
34202
34211
34212
34231
34234
34241
34252
34254
34258
34265
34269
34290
34295
34319
34340
34353
34357
34572
34576
34589
34610
34639
34659
34675
34690
34705
34717
34734
34749
34762
34775
34791
34811
34822
34823
34828
34835
34861
34874
34888
34892
34912
34925
34927
34932
34939
34948
34961
34965
34970
35005
35006
35026
35028
35035
35043
35048
35083
35084
35099
35113
35134
35147
35151
35405
35409
35422
35443
35472
35490
35498
35508
35523
35538
35543
35550
35565
35567
35569
35582
35589
35595
35601
35603
35608
35624
35632
35644
35656
35668
35674
35683
35694
35698
35699
35707
35710
35721
35727
35734
35745
35755
35757
35758
35759
35764
35765
35768
35781
35784
35794
35798
35803
35804
35816
35825
35828
35838
35839
35855
35861
35867
35868
35881
35890
35897
35905
35913
35914
35917
35918
35925
35933
35941
35946
35954
35955
35958
35963
35967
35980
35984
35987
35998
35999
36018
36019
36021
36023
36028
36035
36036
36041
36057
36077
36079
36083
36086
36096
36106
36117
36122
36127
36137
36140
36144
36146
36152
36164
36178
36181
36182
36185
36197
36201
36209
36212
36222
36224
36234
36238
36239
36241
36258
36269
36270
36282
36298
36299
36304
36308
36318
36321
36330
36333
36335
36342
36351
36359
36368
36372
36379
36381
36382
36395
36403
36408
36417
36419
36428
36429
36432
36439
36452
36453
36455
36468
36474
36475
36477
36482
36485
36495
36505
36509
36512
36513
36529
36531
36535
36542
36546
36550
36555
36559
36560
36563
36581
36584
36591
36592
36594
36598
36604
36613
36620
36641
36649
36652
36654
36658
36664
36673
36679
36691
36708
36720
36732
36736
36749
36765
36785
36797
36809
36823
36835
36846
36848
36862
36886
36899
36906
36915
36922
36935
36944
36979
36980
36989
37002
37009
37022
37058
37086
37087
37100
37108
37121
37125
38935
38939
38952
38971
38973
38990
39002
39038
39046
39053
39068
39077
39080
39097
39110
39119
39125
39129
39138
39154
39174
39186
39198
39214
39224
39237
39251
39258
39262
39275
39288
39295
39296
39311
39324
39325
39333
39361
39368
39369
39376
39391
39397
39398
39403
39411
39416
39417
39420
39426
39436
39443
39447
39448
39461
39476
39477
39484
39497
39509
39510
39514
39521
39547
39560
39570
39574
39598
39602
39611
39613
39618
39634
39647
39656
39691
39692
39699
39714
39721
39728
39734
39737
39741
39749
39754
39770
39775
39791
39799
39804
39820
39833
39837
39840
39852
39855
39864
39870
39873
39882
39893
39899
39927
39940
39956
39971
39976
39977
39988
40000
40018
40026
40039
40053
40070
40077
40090
40097
40113
40126
40135
40161
40170
40171
40188
40192
40193
40200
40203
40205
40213
40226
40233
40249
40255
40278
40291
40299
40306
40312
40316
40321
40333
40350
40351
40354
40360
40378
40391
40407
40427
40439
40451
40478
40490
40504
40510
40528
40541
40548
40564
40567
40577
40586
40616
40621
40622
40624
40633
40644
40651
40664
40666
40667
40676
40700
40729
40750
40763
40767
41616
41620
41633
41643
41654
41683
41719
41728
41734
41739
41749
41761
41778
41806
41819
41835
41855
41867
41872
41879
41906
41912
41913
41918
41932
41956
41961
41969
41976
41981
41990
41992
41994
42005
42007
42008
42014
42017
42021
42028
42034
42049
42050
42055
42057
42072
42079
42081
42084
42092
42093
42108
42114
42117
42120
42123
42125
42128
42135
42150
42152
42157
42162
42163
42174
42178
42179
42180
42181
42188
42191
42193
42195
42207
42209
42220
42226
42229
42236
42241
42250
42251
42253
42256
42268
42274
42280
42292
42293
42294
42298
42306
42311
42313
42315
42318
42319
42324
42330
42332
42333
42338
42343
42350
42353
42357
42361
42366
42369
42370
42377
42379
42381
42388
42393
42397
42406
42412
42415
42423
42424
42427
42430
42432
42439
42446
42450
42451
42453
42456
42466
42470
42473
42480
42481
42484
42491
42493
42496
42497
42502
42513
42529
42531
42533
42545
42552
42557
42558
42562
42565
42569
42579
42581
42584
42592
42596
42601
42610
42611
42634
42647
42654
42670
42675
42683
42692
42727
42728
42750
42755
42757
42770
42799
42806
42835
42856
42869
42873
43521
43525
43538
43541
43559
43588
43624
43639
43654
43666
43683
43711
43715
43724
43738
43740
43760
43767
43772
43784
43794
43798
43811
43823
43832
43837
43861
43874
43876
43881
43890
43893
43897
43910
43912
43917
43919
43927
43939
43954
43955
43956
43967
43977
43984
43992
43997
43998
44013
44033
44045
44049
44057
44059
44061
44062
44083
44084
44085
44096
44100
44110
44115
44132
44134
44147
44154
44166
44170
44183
44186
44192
44223
44227
44228
44250
44257
44270
44306
44335
44356
44368
44369
44373
44518
44522
44535
44539
44556
44585
44589
44590
44593
44602
44621
44623
44636
44645
44651
44652
44658
44663
44672
44673
44680
44688
44702
44703
44708
44718
44721
44730
44732
44737
44747
44757
44769
44775
44781
44788
44804
44808
44820
44824
44825
44834
44836
44848
44851
44857
44858
44871
44874
44878
44882
44887
44891
44894
44901
44907
44908
44916
44925
44926
44932
44933
44938
44942
44945
44951
44952
44955
44961
44974
44976
44981
44983
44989
44994
45005
45018
45019
45029
45030
45033
45041
45048
45056
45059
45061
45071
45080
45083
45088
45093
45097
45100
45119
45123
45126
45128
45141
45147
45148
45155
45157
45160
45164
45177
45189
45201
45212
45227
45234
45236
45240
45254
45278
45291
45298
45314
45327
45336
45348
45371
45372
45391
45394
45401
45414
45434
45450
45470
45472
45479
45500
45513
45517
46543
46547
46560
46572
46577
46581
46610
46646
46661
46668
46676
46688
46704
46705
46708
46733
46743
46746
46762
46767
46770
46782
46785
46794
46806
46831
46833
46845
46859
46883
46896
46903
46916
46919
46932
46940
46941
46976
46977
46999
47006
47019
47055
47084
47105
47118
47122
47167
47171
47184
47185
47186
47205
47234
47270
47285
47300
47312
47328
47329
47342
47346
47357
47359
47370
47379
47380
47386
47406
47409
47413
47418
47430
47441
47445
47452
47456
47460
47462
47469
47475
47483
47486
47487
47500
47504
47507
47514
47520
47527
47532
47543
47545
47556
47560
47561
47565
47581
47593
47598
47600
47601
47605
47623
47627
47628
47630
47631
47639
47643
47644
47658
47670
47674
47679
47682
47684
47687
47688
47695
47702
47708
47713
47718
47722
47729
47731
47734
47735
47737
47740
47742
47746
47753
47756
47773
47775
47776
47785
47788
47798
47803
47805
47811
47813
47815
47818
47819
47821
47827
47832
47836
47851
47854
47856
47860
47863
47873
47877
47879
47880
47881
47883
47885
47889
47902
47904
47908
47909
47917
47921
47923
47933
47937
47946
47952
47957
47959
47969
47972
47981
47986
47988
48003
48004
48008
48010
48011
48018
48020
48023
48030
48034
48046
48047
48058
48059
48064
48068
48071
48075
48078
48085
48088
48090
48094
48103
48104
48107
48116
48122
48124
48126
48133
48136
48142
48146
48148
48151
48152
48172
48174
48175
48181
48182
48187
48194
48201
48203
48204
48211
48225
48230
48232
48238
48245
48249
48259
48261
48262
48266
48270
48274
48277
48280
48283
48293
48297
48316
48318
48319
48324
48341
48348
48350
48361
48371
48397
48426
48447
48460
48464
49309
49313
49326
49347
49362
49376
49412
49417
49427
49442
49454
49464
49471
49485
49499
49512
49526
49528
49548
49560
49572
49598
49611
49618
49625
49649
49662
49669
49685
49693
49698
49707
49723
49742
49743
49747
49765
49772
49785
49791
49806
49821
49850
49871
49884
49888
50176
50180
50193
50196
50214
50232
50243
50260
50279
50294
50309
50318
50321
50338
50366
50379
50395
50415
50427
50439
50451
50465
50477
50478
50492
50504
50516
50529
50536
50552
50565
50574
50609
50610
50617
50631
50632
50639
50652
50669
50688
50717
50738
50746
50751
50755
51091
51095
51108
51115
51129
51158
51194
51209
51224
51236
51246
51253
51257
51264
51281
51294
51310
51316
51330
51334
51342
51354
51381
51393
51394
51407
51431
51444
51451
51457
51460
51461
51465
51467
51478
51480
51483
51488
51489
51499
51524
51525
51527
51528
51536
51542
51547
51554
51563
51564
51567
51579
51594
51603
51606
51623
51625
51632
51642
51651
51653
51664
51666
51670
51680
51685
51700
51712
51723
51724
51751
51759
51763
51777
51801
51814
51821
51837
51840
51850
51859
51894
51895
51917
51923
51924
51937
51973
51975
52002
52023
52036
52040
53203
53207
53220
53241
53270
53306
53321
53336
53338
53348
53365
53393
53406
53420
53422
53442
53454
53456
53466
53492
53503
53505
53506
53519
53536
53543
53547
53556
53563
53579
53583
53592
53601
53636
53637
53640
53652
53659
53661
53666
53670
53679
53715
53744
53765
53778
53782
54872
54876
54889
54910
54917
54939
54975
54990
55005
55017
55028
55034
55046
55062
55069
55075
55083
55091
55111
55123
55135
55136
55154
55161
55174
55188
55212
55218
55225
55232
55248
55261
55270
55292
55305
55306
55328
55335
55348
55355
55384
55413
55434
55447
55451
55452
55456
55469
55490
55504
55519
55555
55570
55585
55597
55601
55614
55642
55655
55671
55683
55687
55691
55700
55703
55708
55715
55721
55730
55741
55750
55754
55767
55768
55773
55786
55788
55792
55798
55801
55804
55805
55812
55816
55828
55840
55841
55845
55850
55873
55883
55885
55886
55892
55901
55902
55906
55908
55909
55915
55918
55922
55928
55934
55946
55950
55951
55953
55964
55965
55972
55985
55991
55993
55999
56014
56017
56023
56027
56031
56036
56043
56059
56062
56072
56081
56116
56117
56139
56146
56159
56195
56224
56245
56251
56255
56258
56262
56268
56279
56289
56318
56354
56367
56369
56384
56396
56413
56420
56441
56454
56456
56464
56470
56490
56502
56514
56540
56553
56563
56567
56591
56602
56604
56611
56627
56640
56649
56684
56685
56687
56707
56714
56727
56740
56752
56754
56763
56792
56794
56813
56826
56830
57463
57467
57480
57495
57501
57523
57526
57530
57566
57581
57596
57608
57624
57625
57637
57653
57663
57666
57682
57686
57702
57714
57726
57736
57753
57765
57779
57803
57808
57816
57823
57839
57852
57861
57896
57897
57919
57926
57935
57939
57975
58004
58025
58038
58042
58661
58665
58678
58699
58707
58728
58764
58779
58783
58784
58794
58796
58806
58815
58817
58823
58846
58851
58861
58864
58880
58882
58885
58897
58900
58912
58924
58941
58950
58963
58969
58977
58978
58979
58982
58988
58996
58998
59001
59005
59014
59018
59020
59021
59030
59037
59042
59049
59050
59059
59069
59077
59081
59094
59095
59097
59098
59116
59117
59119
59124
59130
59132
59137
59139
59155
59165
59168
59173
59177
59202
59207
59212
59213
59223
59232
59235
59236
59238
59240
59242
59255
59291
59320
59341
59344
59354
59358
59493
59497
59510
59531
59560
59596
59604
59606
59611
59625
59626
59636
59638
59655
59676
59680
59683
59689
59693
59696
59710
59712
59714
59722
59731
59732
59743
59744
59756
59779
59782
59791
59794
59795
59809
59814
59821
59833
59838
59846
59853
59866
59869
59879
59882
59884
59886
59891
59895
59900
59902
59915
59926
59927
59939
59949
59956
59966
59969
59978
59992
60003
60005
60010
60016
60027
60029
60033
60034
60036
60041
60052
60055
60065
60068
60072
60074
60109
60110
60132
60138
60139
60152
60158
60188
60206
60217
60238
60251
60255
68352
68356
68369
68390
68419
68424
68453
68455
68470
68485
68497
68514
68542
68555
68571
68580
68591
68603
68607
68615
68641
68654
68668
68679
68692
68698
68705
68712
68725
68728
68741
68744
68750
68758
68785
68786
68808
68815
68828
68864
68870
68886
68893
68914
68927
68931
69243
69247
69260
69273
69281
69310
69346
69361
69376
69388
69405
69433
69446
69462
69464
69476
69482
69494
69506
69532
69534
69541
69545
69552
69556
69559
69576
69583
69596
69603
69619
69632
69641
69676
69677
69699
69706
69719
69755
69777
69784
69805
69811
69818
69822
70875
70879
70892
70913
70942
70978
70984
70993
71008
71020
71037
71063
71065
71078
71094
71099
71112
71114
71123
71126
71138
71151
71162
71165
71177
71191
71215
71222
71228
71232
71235
71251
71264
71273
71283
71288
71308
71309
71331
71338
71351
71385
71387
71416
71437
71450
71454
73672
73676
73689
73710
73729
73739
73766
73775
73790
73798
73805
73817
73834
73838
73848
73862
73875
73891
73911
73923
73930
73935
73960
73962
73974
73988
74012
74025
74032
74048
74061
74070
74075
74087
74105
74106
74128
74135
74148
74184
74188
74190
74204
74213
74234
74247
74251
74330
74334
74347
74368
74397
74422
74433
74448
74463
74475
74492
74505
74520
74533
74549
74561
74563
74569
74581
74584
74593
74620
74632
74643
74645
74646
74658
74670
74680
74683
74690
74693
74706
74719
74721
74728
74763
74764
74786
74793
74806
74822
74842
74871
74892
74905
74909
81207
81211
81224
81225
81245
81274
81310
81325
81340
81352
81364
81369
81387
81397
81407
81410
81426
81446
81451
81458
81470
81497
81509
81523
81547
81555
81560
81562
81567
81581
81583
81596
81605
81611
81640
81641
81663
81670
81683
81719
81722
81748
81769
81782
81786
84488
84492
84505
84526
84555
84591
84595
84601
84606
84609
84611
84613
84621
84633
84636
84650
84678
84691
84707
84727
84739
84751
84778
84790
84800
84804
84828
84841
84844
84848
84864
84871
84877
84880
84886
84921
84922
84933
84944
84951
84964
85000
85021
85029
85050
85063
85067
86203
86207
86220
86241
86245
86270
86306
86321
86336
86340
86348
86365
86378
86393
86406
86414
86421
86422
86442
86454
86466
86477
86492
86505
86515
86519
86543
86556
86563
86579
86584
86592
86601
86636
86637
86642
86659
86666
86679
86715
86719
86725
86744
86765
86778
86782
# Important longitude indices for all 76 UK cities (2.0-mile radius coverage)
6408
6416
6439
6476
6503
6526
6579
6589
6611
6618
6631
6651
6661
6669
6676
6707
6737
6741
6743
6746
6769
6782
6802
6824
6826
6868
6884
6913
6959
6996
7001
7003
7018
7045
7058
7084
7086
7120
7124
7151
7166
7176
7196
7209
7214
7216
7238
7301
7351
7388
7411
7419
12968
12976
12998
13035
13085
13146
13168
13175
13177
13186
13188
13207
13217
13232
13263
13295
13297
13324
13336
13378
13379
13403
13421
13447
13459
13465
13510
13552
13553
13557
13589
13595
13607
13625
13634
13636
13655
13668
13695
13699
13714
13724
13743
13756
13763
13777
13785
13846
13879
13896
13933
13955
13963
16102
16105
16110
16132
16169
16218
16258
16279
16301
16308
16321
16340
16346
16350
16365
16395
16396
16428
16430
16456
16469
16471
16510
16512
16553
16597
16642
16667
16674
16683
16685
16704
16726
16739
16765
16767
16800
16830
16832
16845
16849
16855
16874
16887
16894
16916
16955
16977
17026
17062
17063
17085
17093
19135
19143
19165
19202
19252
19314
19336
19342
19356
19375
19383
19385
19399
19400
19431
19433
19464
19466
19469
19492
19505
19546
19548
19565
19590
19612
19634
19635
19679
19721
19723
19764
19777
19790
19803
19805
19819
19838
19869
19877
19884
19894
19913
19927
19933
19955
20001
20017
20067
20104
20126
20134
20198
20206
20228
20246
20265
20315
20377
20399
20406
20419
20439
20448
20464
20494
20527
20529
20556
20568
20610
20612
20624
20636
20654
20698
20702
20724
20727
20743
20785
20786
20787
20789
20829
20841
20851
20868
20870
20903
20933
20949
20958
20978
20991
20998
21020
21082
21132
21152
21158
21169
21191
21199
22803
22811
22817
22834
22871
22872
22921
22982
23005
23011
23025
23029
23044
23054
23069
23097
23100
23133
23135
23162
23174
23198
23216
23217
23260
23272
23300
23304
23349
23392
23393
23435
23447
23467
23474
23476
23509
23526
23540
23555
23565
23577
23584
23598
23604
23627
23659
23688
23738
23766
23775
23798
23806
26870
26877
26898
26933
26980
27038
27059
27065
27073
27077
27080
27096
27105
27119
27131
27141
27148
27179
27181
27206
27217
27256
27257
27258
27267
27298
27303
27340
27356
27361
27381
27421
27422
27423
27441
27462
27473
27498
27499
27500
27531
27560
27574
27577
27583
27602
27614
27620
27641
27699
27746
27781
27802
27809
29036
29043
29063
29097
29103
29111
29142
29166
29198
29218
29224
29236
29254
29263
29277
29304
29334
29336
29360
29371
29393
29409
29410
29411
29427
29441
29449
29489
29530
29568
29569
29570
29575
29608
29619
29643
29645
29675
29702
29716
29725
29743
29747
29755
29761
29762
29773
29781
29782
29815
29837
29882
29916
29936
29943
36965
36973
36996
37026
37034
37086
37149
37172
37179
37193
37213
37222
37223
37239
37246
37260
37271
37281
37286
37305
37307
37334
37338
37339
37347
37390
37392
37401
37406
37411
37423
37430
37435
37437
37451
37472
37481
37483
37484
37491
37500
37518
37528
37532
37539
37542
37568
37570
37571
37573
37599
37612
37616
37629
37656
37657
37658
37659
37692
37696
37701
37704
37724
37740
37750
37752
37761
37770
37784
37791
37801
37814
37846
37848
37877
37893
37906
37914
37929
37932
37935
37937
37967
37973
37990
37998
38002
38005
38022
38029
38033
38047
38054
38068
38075
38099
38118
38119
38125
38145
38166
38179
38219
38224
38228
38236
38258
38259
38280
38283
38292
38293
38301
38306
38307
38319
38322
38336
38342
38345
38359
38372
38374
38387
38401
38408
38415
38417
38419
38423
38429
38442
38443
38454
38461
38470
38485
38492
38494
38498
38499
38515
38532
38536
38547
38549
38555
38572
38573
38574
38586
38613
38627
38628
38632
38651
38653
38669
38686
38688
38691
38702
38712
38726
38728
38732
38756
38757
38758
38776
38786
38797
38798
38800
38808
38809
38826
38838
38839
38844
38851
38865
38876
38878
38904
38910
38921
38940
38942
38946
38955
38961
38964
38966
38983
38996
39000
39002
39020
39024
39027
39083
39132
39167
39189
39197
40097
40104
40111
40118
40121
40125
40126
40142
40159
40180
40206
40232
40263
40284
40290
40296
40298
40303
40305
40319
40321
40326
40330
40340
40344
40360
40363
40366
40371
40373
40387
40404
40406
40409
40418
40430
40442
40453
40455
40472
40481
40482
40495
40498
40504
40522
40539
40540
40563
40564
40584
40601
40605
40611
40631
40633
40645
40646
40651
40677
40685
40697
40721
40722
40723
40729
40747
40754
40766
40779
40783
40797
40806
40807
40808
40824
40837
40843
40864
40874
40890
40901
40921
40935
40940
40942
40946
40965
40968
41002
41015
41023
41029
41030
41081
41106
41119
41143
41150
44203
44210
44230
44264
44302
44310
44363
44366
44368
44387
44393
44405
44423
44432
44446
44452
44474
44504
44506
44530
44541
44544
44580
44581
44589
44620
44661
44671
44701
44708
44740
44741
44780
44791
44815
44817
44835
44847
44875
44889
44898
44916
44928
44934
44955
44998
45011
45044
45057
45091
45095
45102
45106
45111
45114
45118
45124
45137
45160
45167
45176
45208
45228
45268
45290
45293
45296
45309
45316
45323
45328
45337
45352
45357
45368
45382
45384
45387
45414
45416
45438
45441
45450
45452
45453
45457
45458
45480
45493
45494
45495
45497
45536
45537
45539
45579
45583
45598
45609
45612
45623
45630
45638
45664
45665
45676
45688
45706
45718
45720
45722
45732
45743
45745
45766
45777
45779
45802
45807
45809
45822
45831
45837
45843
45846
45850
45863
45869
45874
45875
45891
45902
45906
45922
45936
45943
45951
45965
45966
45974
45999
46031
46035
46057
46064
46083
46122
46141
46145
46153
46274
46282
46306
46346
46374
46401
46467
46491
46499
46513
46516
46534
46545
46561
46594
46630
46632
46661
46674
46720
46721
46729
46767
46800
46815
46822
46864
46910
46911
46917
46957
46970
46999
47001
47037
47059
47070
47086
47097
47118
47132
47140
47164
47186
47213
47230
47260
47285
47296
47325
47349
47357
47599
47607
47630
47668
47720
47743
47750
47771
47784
47805
47807
47814
47823
47827
47834
47847
47849
47852
47858
47874
47905
47909
47930
47931
47936
47939
47942
47949
47955
47967
47969
47976
47982
47990
47992
48019
48025
48027
48033
48049
48051
48070
48076
48087
48116
48117
48120
48126
48128
48150
48163
48167
48184
48206
48208
48209
48230
48250
48251
48264
48266
48273
48289
48291
48294
48314
48318
48328
48330
48341
48359
48364
48366
48368
48375
48386
48391
48395
48398
48406
48419
48426
48427
48430
48441
48449
48450
48468
48481
48487
48508
48513
48565
48603
48612
48626
48628
48634
48646
48667
48674
49152
49159
49176
49181
49212
49217
49266
49302
49327
49349
49355
49368
49387
49397
49412
49442
49475
49477
49502
49510
49515
49546
49556
49557
49563
49584
49597
49599
49601
49605
49609
49612
49618
49627
49630
49642
49662
49665
49666
49686
49711
49714
49723
49728
49729
49733
49743
49745
49750
49762
49766
49768
49770
49771
49774
49776
49780
49783
49789
49793
49795
49799
49800
49801
49802
49804
49806
49808
49810
49812
49814
49831
49832
49833
49838
49840
49842
49843
49844
49846
49850
49855
49857
49863
49865
49872
49873
49885
49887
49888
49889
49891
49894
49898
49901
49907
49912
49917
49919
49921
49923
49927
49930
49932
49935
49936
49939
49940
49941
49945
49946
49955
49956
49957
49958
49975
49979
49981
49986
49998
49999
50000
50006
50008
50019
50020
50022
50023
50026
50030
50038
50040
50046
50049
50054
50062
50064
50065
50068
50078
50084
50085
50087
50092
50104
50105
50113
50115
50119
50122
50126
50127
50131
50133
50143
50144
50147
50150
50156
50167
50168
50169
50172
50175
50180
50182
50188
50192
50200
50201
50203
50209
50210
50213
50221
50222
50235
50241
50246
50248
50249
50250
50252
50256
50257
50264
50265
50274
50277
50280
50282
50283
50285
50290
50293
50295
50297
50302
50306
50310
50312
50322
50325
50327
50334
50336
50339
50344
50345
50351
50353
50355
50361
50366
50368
50372
50374
50378
50380
50383
50384
50385
50386
50388
50393
50396
50415
50427
50429
50433
50442
50453
50456
50461
50469
50470
50471
50472
50481
50482
50489
50501
50503
50505
50507
50513
50537
50539
50540
50555
50558
50562
50565
50566
50570
50586
50599
50604
50606
50609
50616
50622
50630
50638
50641
50646
50647
50648
50667
50674
50690
50691
50694
50702
50709
50722
50729
50731
50747
50764
50770
50776
50782
50785
50795
50803
50809
50810
50811
50817
50820
50822
50838
50840
50841
50851
50853
50860
50866
50882
50895
50903
50927
50929
50941
50945
50953
50954
50967
50995
50997
51007
51008
51032
51049
51055
51063
51087
51093
51115
51136
51177
51178
51205
51218
51231
51256
51258
51285
51290
51319
51334
51344
51363
51375
51382
51392
51403
51463
51499
51506
51511
51529
51547
51565
51569
51576
51614
51657
51675
51697
51704
51717
51736
51746
51761
51791
51824
51826
51852
51864
51905
51907
51908
51948
51986
51993
52037
52069
52078
52080
52085
52121
52133
52159
52161
52170
52173
52194
52224
52239
52249
52259
52268
52281
52288
52310
52323
52369
52371
52373
52376
52395
52398
52420
52432
52456
52466
52478
52479
52486
52508
52537
52544
52558
52565
52577
52590
52593
52596
52597
52599
52605
52619
52648
52653
52666
52675
52679
52681
52682
52695
52696
52697
52706
52714
52718
52723
52733
52738
52757
52759
52768
52787
52798
52801
52803
52807
52811
52829
52841
52882
52883
52919
52922
52924
52925
52963
52969
52974
52975
53000
53001
53002
53003
53006
53012
53033
53054
53055
53062
53068
53075
53076
53078
53085
53096
53104
53108
53115
53116
53123
53130
53134
53136
53144
53146
53156
53169
53175
53176
53199
53202
53212
53214
53223
53232
53233
53242
53249
53254
53255
53260
53262
53272
53283
53284
53290
53299
53305
53312
53313
53333
53342
53343
53344
53372
53374
53393
53398
53410
53428
53429
53449
53450
53451
53459
53478
53489
53517
53526
53530
53572
53611
53612
53651
53655
53662
53663
53683
53687
53688
53689
53713
53716
53718
53719
53748
53762
53764
53771
53789
53794
53799
53801
53807
53821
53822
53828
53842
53848
53861
53879
53885
53888
53902
53925
53931
53961
53963
53965
53986
53988
53993
53999
54029
54038
54040
54046
54079
54098
54101
54121
54162
54167
54177
54186
54201
54203
54209
54242
54253
54278
54280
54292
54310
54339
54353
54361
54362
54380
54393
54399
54419
54477
54523
54558
54579
54586
55936
55943
55964
55998
56033
56045
56102
56123
56129
56141
56159
56168
56183
56188
56211
56242
56244
56266
56268
56280
56285
56318
56319
56320
56322
56359
56401
56402
56442
56459
56468
56481
56482
56483
56521
56533
56557
56559
56590
56611
56618
56619
56633
56641
56642
56655
56660
56664
56672
56677
56678
56683
56699
56725
56731
56744
56756
56785
56803
56807
56811
56814
56826
56835
56837
56845
56855
56858
56865
56870
56900
56932
56934
56941
56960
56972
57012
57013
57014
57015
57055
57068
57086
57094
57099
57116
57137
57142
57149
57152
57156
57161
57177
57183
57184
57185
57200
57212
57225
57237
57259
57260
57263
57265
57282
57289
57297
57301
57317
57320
57321
57327
57328
57330
57338
57342
57344
57345
57349
57352
57356
57371
57375
57376
57383
57384
57386
57390
57398
57407
57409
57412
57418
57425
57427
57431
57435
57447
57458
57459
57460
57472
57485
57487
57488
57489
57490
57493
57496
57498
57501
57511
57517
57520
57527
57529
57530
57535
57536
57537
57545
57548
57556
57557
57570
57572
57574
57577
57578
57586
57594
57601
57607
57617
57618
57632
57634
57650
57657
57658
57659
57660
57670
57671
57691
57700
57701
57702
57710
57711
57712
57721
57724
57731
57738
57740
57741
57747
57748
57751
57752
57753
57772
57777
57779
57784
57788
57793
57794
57802
57807
57810
57817
57827
57836
57837
57839
57846
57851
57853
57858
57862
57865
57870
57876
57877
57881
57887
57893
57895
57896
57899
57908
57917
57920
57924
57928
57929
57936
57947
57949
57953
57955
57957
57958
57961
57965
57978
57980
57986
57995
58009
58015
58025
58030
58031
58039
58041
58043
58051
58053
58058
58060
58061
58068
58070
58071
58076
58080
58081
58088
58097
58120
58121
58122
58151
58156
58162
58186
58203
58206
58238
58240
58248
58249
58259
58266
58269
58289
58290
58291
58304
58319
58331
58343
58348
58352
58363
58368
58370
58384
58402
58411
58431
58432
58438
58446
58450
58451
58456
58470
58475
58479
58485
58487
58491
58494
58515
58522
58523
58528
58530
58554
58556
58557
58558
58567
58574
58581
58584
58586
58587
58593
58594
58601
58623
58633
58635
58647
58658
58675
58680
58687
58697
58713
58718
58730
58737
58744
58750
58758
58760
58779
58789
58800
58802
58806
58838
58840
58842
58847
58854
58874
58876
58878
58879
58881
58904
58912
58917
58941
58956
58962
58964
58965
58980
58984
58997
59001
59003
59009
59014
59024
59056
59071
59083
59104
59131
59149
59151
59166
59187
59191
59192
59195
59196
59209
59237
59239
59275
59307
59324
59328
59334
59355
59369
59376
59400
59466
59519
59559
59583
59591
60620
60627
60648
60661
60683
60714
60731
60790
60811
60817
60830
60848
60858
60872
60901
60933
60935
60948
60960
60972
61000
61011
61012
61013
61053
61096
61109
61138
61174
61178
61179
61180
61219
61231
61234
61240
61256
61258
61259
61267
61288
61290
61319
61323
61333
61343
61361
61362
61371
61374
61380
61390
61401
61425
61430
61451
61453
61458
61460
61470
61488
61489
61498
61507
61508
61513
61542
61543
61564
61571
61574
61576
61594
61601
61613
61622
61653
61654
61656
61675
61695
61698
61702
61704
61707
61725
61738
61746
61748
61759
61780
61786
61798
61811
61816
61821
61822
61825
61839
61862
61867
61870
61874
61879
61898
61899
61900
61901
61911
61915
61922
61924
61933
61935
61944
61962
61964
61974
61975
61977
61981
61984
61986
61992
62005
62011
62014
62017
62024
62030
62035
62045
62051
62056
62090
62097
62098
62104
62112
62118
62131
62136
62137
62151
62152
62160
62175
62176
62187
62189
62196
62205
62208
62211
62213
62216
62225
62238
62240
62244
62261
62263
62265
62272
62278
62286
62295
62304
62310
62313
62319
62320
62325
62331
62352
62362
62405
62409
62418
62449
62455
62489
62491
62492
62510
62517
62533
62538
62546
62571
62573
62581
62589
62606
62636
62651
62660
62680
62688
62693
62699
62721
62781
62786
62830
62867
62889
62896
63316
63324
63347
63384
63435
63441
63490
63497
63519
63526
63539
63559
63569
63585
63614
63615
63634
63648
63649
63651
63652
63656
63666
63677
63678
63690
63702
63715
63732
63734
63766
63771
63776
63793
63804
63822
63827
63833
63850
63857
63867
63870
63889
63899
63903
63909
63911
63915
63927
63928
63945
63948
63953
63966
63975
63979
63981
63992
63994
64007
64018
64020
64025
64028
64047
64050
64058
64062
64063
64074
64083
64084
64104
64106
64117
64124
64133
64145
64146
64150
64193
64195
64208
64215
64219
64221
64234
64238
64239
64253
64259
64263
64270
64277
64278
64281
64294
64296
64298
64300
64308
64319
64320
64322
64327
64335
64336
64339
64341
64343
64344
64352
64356
64364
64368
64381
64385
64386
64391
64402
64412
64422
64423
64431
64439
64442
64444
64446
64451
64465
64468
64474
64475
64482
64486
64488
64495
64497
64502
64507
64508
64510
64515
64517
64518
64525
64532
64535
64537
64538
64540
64542
64552
64556
64561
64563
64565
64574
64576
64580
64586
64594
64595
64597
64609
64623
64624
64625
64633
64636
64640
64641
64642
64645
64648
64649
64650
64653
64658
64666
64667
64670
64674
64676
64677
64679
64685
64707
64709
64713
64718
64719
64720
64726
64736
64739
64740
64745
64754
64755
64760
64764
64770
64773
64780
64783
64786
64791
64796
64800
64802
64809
64812
64813
64820
64824
64828
64832
64834
64837
64841
64842
64845
64847
64848
64850
64852
64860
64864
64869
64872
64878
64884
64885
64886
64887
64889
64893
64906
64913
64915
64926
64932
64934
64938
64944
64956
64961
64963
64964
64965
64966
64970
64972
64985
64986
64992
64996
64997
64999
65000
65004
65007
65008
65012
65013
65014
65016
65022
65023
65025
65027
65028
65040
65041
65043
65046
65049
65052
65053
65054
65055
65056
65057
65061
65068
65071
65080
65083
65084
65086
65087
65089
65091
65097
65100
65104
65108
65110
65116
65127
65128
65132
65134
65135
65139
65144
65160
65162
65165
65166
65167
65168
65169
65170
65172
65179
65193
65199
65201
65204
65211
65213
65214
65229
65243
65244
65249
65252
65254
65255
65259
65270
65272
65273
65278
65286
65292
65296
65298
65314
65337
65338
65339
65342
65361
65374
65379
65383
65384
65391
65416
65418
65420
65423
65425
65435
65437
65444
65450
65455
65459
65462
65463
65465
65474
65479
65481
65489
65494
65496
65497
65500
65503
65522
65524
65526
65535
65541
65543
65551
65557
65563
65570
65583
65589
65603
65611
65622
65657
65660
65663
65665
65670
65671
65680
65687
65688
65699
65705
65713
65714
65717
65719
65725
65726
65727
65734
65740
65755
65758
65768
65775
65777
65784
65798
65800
65824
65836
65837
65860
65867
65874
65876
65880
65900
65903
65909
65914
65925
65956
65962
65989
65991
65997
66018
66022
66030
66035
66037
66072
66073
66074
66075
66087
66089
66090
66099
66105
66111
66113
66116
66117
66143
66154
66162
66169
66171
66172
66184
66185
66194
66196
66204
66207
66212
66224
66231
66233
66239
66249
66250
66251
66293
66294
66305
66308
66332
66334
66354
66367
66387
66397
66398
66408
66414
66415
66423
66443
66456
66458
66463
66465
66486
66520
66548
66566
66592
66594
66598
66623
66635
66644
66650
66654
66658
66662
66666
66680
66689
66703
66731
66762
66764
66788
66799
66835
66838
66839
66843
66878
66920
66954
66961
66983
66994
66998
67000
67001
67007
67017
67040
67051
67058
67064
67075
67077
67079
67096
67097
67108
67122
67136
67141
67142
67145
67149
67150
67158
67159
67161
67177
67179
67181
67188
67189
67195
67203
67208
67212
67216
67217
67231
67246
67262
67264
67267
67273
67289
67301
67307
67319
67328
67329
67330
67340
67341
67351
67353
67358
67371
67374
67381
67390
67391
67400
67416
67423
67425
67446
67464
67479
67481
67504
67505
67508
67520
67540
67544
67556
67557
67562
67564
67581
67583
67595
67604
67606
67614
67624
67642
67645
67651
67657
67666
67684
67695
67696
67703
67707
67718
67723
67737
67739
67740
67781
67793
67820
67822
67828
67855
67862
67863
67872
67884
67885
67891
67901
67910
67930
67937
67943
67945
67950
67953
67966
67972
68002
68010
68034
68039
68050
68084
68109
68120
68124
68131
68137
68143
68150
68151
68153
68168
68176
68178
68188
68193
68215
68222
68227
68233
68234
68236
68254
68256
68281
68292
68293
68294
68316
68322
68333
68334
68335
68341
68353
68363
68375
68377
68387
68392
68401
68407
68419
68423
68429
68438
68440
68442
68443
68461
68462
68465
68471
68477
68486
68487
68502
68503
68504
68516
68517
68519
68525
68544
68548
68550
68556
68559
68565
68575
68581
68583
68588
68600
68602
68606
68615
68628
68629
68630
68633
68634
68641
68644
68651
68657
68659
68661
68664
68668
68669
68671
68684
68686
68687
68688
68700
68706
68713
68715
68722
68726
68728
68734
68738
68749
68758
68763
68765
68768
68772
68776
68777
68781
68784
68787
68796
68798
68799
68800
68801
68810
68818
68825
68826
68832
68835
68838
68840
68841
68843
68845
68850
68851
68854
68863
68866
68868
68871
68876
68879
68880
68881
68884
68887
68890
68891
68892
68895
68900
68901
68904
68909
68913
68925
68928
68932
68936
68943
68951
68957
68958
68960
68963
68964
68967
68968
68979
68986
68987
68989
68998
69000
69006
69015
69028
69038
69039
69040
69041
69050
69061
69070
69072
69078
69079
69082
69088
69107
69120
69122
69127
69137
69161
69171
69173
69191
69195
69199
69200
69201
69202
69205
69212
69213
69214
69218
69239
69250
69255
69267
69275
69276
69280
69293
69295
69307
69322
69328
69330
69335
69349
69358
69364
69373
69376
69382
69388
69394
69402
69413
69414
69415
69421
69440
69443
69471
69481
69504
69517
69541
69551
69553
69571
69578
69589
69612
69619
69753
69760
69781
69795
69816
69862
69863
69866
69920
69940
69941
69946
69959
69971
69977
69986
70000
70029
70059
70061
70074
70086
70097
70110
70136
70138
70150
70177
70198
70219
70260
70299
70301
70340
70351
70376
70378
70389
70408
70437
70451
70460
70478
70490
70491
70497
70517
70571
70575
70621
70656
70677
70684
71749
71756
71776
71810
71856
71912
71933
71934
71939
71941
71951
71963
71969
71971
71978
71992
71997
72005
72020
72045
72051
72052
72077
72088
72092
72103
72114
72124
72126
72127
72128
72130
72142
72161
72166
72170
72184
72208
72213
72244
72246
72249
72260
72271
72275
72283
72287
72288
72289
72291
72314
72322
72324
72327
72338
72347
72352
72359
72363
72364
72381
72389
72395
72406
72423
72437
72439
72446
72448
72454
72464
72468
72470
72476
72482
72487
72489
72503
72528
72540
72559
72561
72565
72567
72570
72591
72598
72604
72605
72617
72627
72639
72641
72650
72659
72666
72669
72681
72687
72708
72766
72805
72814
72848
72870
72877
74109
74117
74138
74174
74223
74260
74282
74304
74310
74323
74342
74351
74366
74396
74428
74430
74455
74467
74482
74508
74509
74519
74527
74550
74577
74579
74594
74637
74645
74678
74679
74720
74732
74757
74759
74791
74821
74836
74845
74864
74877
74883
74905
74936
74960
74964
74974
75013
75049
75070
75078
76142
76150
76172
76178
76208
76211
76257
76290
76317
76339
76346
76359
76378
76387
76403
76432
76463
76465
76467
76493
76505
76546
76547
76589
76590
76610
76632
76676
76718
76719
76760
76766
76767
76772
76795
76798
76800
76802
76833
76862
76878
76887
76906
76919
76926
76948
76973
77008
77034
77057
77093
77115
77118
77123
77125
77146
77181
77229
77288
77309
77316
77328
77332
77347
77356
77371
77372
77400
77431
77433
77436
77458
77470
77510
77512
77539
77552
77572
77595
77616
77637
77677
77679
77719
77731
77748
77752
77756
77758
77789
77818
77828
77833
77842
77861
77872
77873
77880
77889
77901
77960
78008
78043
78064
78071
78169
78176
78196
78230
78256
78263
78276
78284
78318
78328
78333
78341
78353
78359
78364
78365
78371
78380
78389
78396
78398
78412
78416
78422
78440
78443
78449
78456
78461
78471
78472
78480
78481
78483
78489
78490
78497
78499
78503
78508
78519
78531
78546
78547
78548
78562
78564
78586
78589
78600
78616
78626
78628
78639
78641
78653
78669
78680
78707
78708
78709
78711
78722
78734
78747
78758
78763
78783
78784
78789
78802
78804
78815
78843
78853
78854
78857
78866
78879
78881
78884
78896
78902
78912
78922
78926
78940
78954
78963
78979
78982
78994
79000
79018
79021
79025
79059
79078
79079
79086
79114
79125
79159
79180
79187
80745
80752
80773
80808
80833
80855
80913
80918
80935
80941
80953
80972
80979
80981
80988
80996
81024
81056
81058
81082
81083
81087
81094
81116
81134
81135
81175
81181
81218
81253
81260
81300
81301
81341
81352
81377
81379
81394
81407
81411
81431
81439
81454
81463
81482
81494
81500
81522
81580
81627
81662
81683
81690
82146
82154
82175
82210
82230
82258
82316
82337
82344
82356
82375
82384
82399
82428
82429
82459
82461
82480
82486
82490
82498
82537
82538
82539
82579
82622
82627
82664
82701
82704
82705
82706
82745
82757
82782
82784
82797
82815
82844
82859
82864
82868
82887
82899
82906
82927
82985
83005
83015
83026
83033
83061
83068
83089
83097
84216
84224
84245
84269
84279
84326
84384
84404
84411
84423
84430
84441
84450
84465
84493
84524
84526
84551
84563
84586
84598
84602
84603
84643
84646
84685
84712
84726
84730
84766
84767
84806
84818
84830
84843
84845
84876
84900
84904
84918
84919
84928
84946
84958
84965
84985
84991
85043
85082
85090
85124
85145
85153
86610
86617
86639
86648
86665
86669
86673
86696
86719
86777
86798
86804
86816
86834
86843
86858
86886
86917
86919
86944
86955
86972
86976
86989
86994
86996
87035
87076
87115
87118
87157
87159
87198
87209
87215
87234
87236
87249
87267
87275
87287
87295
87310
87319
87337
87349
87355
87376
87434
87480
87514
87536
87543
90325
90332
90353
90387
90434
90480
90491
90511
90517
90530
90548
90550
90557
90571
90591
90599
90603
90616
90630
90632
90656
90661
90668
90707
90708
90747
90789
90830
90846
90869
90870
90909
90921
90945
90947
90978
91006
91020
91029
91039
91047
91060
91066
91086
91143
91148
91190
91224
91245
91252
92496
92503
92525
92560
92571
92591
92608
92634
92641
92667
92688
92694
92707
92719
92725
92735
92749
92779
92810
92812
92827
92837
92849
92863
92889
92891
92931
92966
92967
92973
93016
93056
93058
93073
93098
93110
93135
93137
93168
93198
93212
93222
93240
93248
93253
93259
93280
93303
93339
93387
93422
93444
93451
